698 890
3 64 64 64
1 64

2 1 0 64 192 XOR
2 1 0 64 193 AND
2 1 1 65 194 XOR
2 1 194 193 195 XOR
2 1 1 65 196 AND
2 1 194 193 197 AND
2 1 196 197 198 XOR
2 1 2 66 199 XOR
2 1 199 198 200 XOR
2 1 2 66 201 AND
2 1 199 198 202 AND
2 1 201 202 203 XOR
2 1 3 67 204 XOR
2 1 204 203 205 XOR
2 1 3 67 206 AND
2 1 204 203 207 AND
2 1 206 207 208 XOR
2 1 4 68 209 XOR
2 1 209 208 210 XOR
2 1 4 68 211 AND
2 1 209 208 212 AND
2 1 211 212 213 XOR
2 1 5 69 214 XOR
2 1 214 213 215 XOR
2 1 5 69 216 AND
2 1 214 213 217 AND
2 1 216 217 218 XOR
2 1 6 70 219 XOR
2 1 219 218 220 XOR
2 1 6 70 221 AND
2 1 219 218 222 AND
2 1 221 222 223 XOR
2 1 7 71 224 XOR
2 1 224 223 225 XOR
2 1 7 71 226 AND
2 1 224 223 227 AND
2 1 226 227 228 XOR
2 1 8 72 229 XOR
2 1 229 228 230 XOR
2 1 8 72 231 AND
2 1 229 228 232 AND
2 1 231 232 233 XOR
2 1 9 73 234 XOR
2 1 234 233 235 XOR
2 1 9 73 236 AND
2 1 234 233 237 AND
2 1 236 237 238 XOR
2 1 10 74 239 XOR
2 1 239 238 240 XOR
2 1 10 74 241 AND
2 1 239 238 242 AND
2 1 241 242 243 XOR
2 1 11 75 244 XOR
2 1 244 243 245 XOR
2 1 11 75 246 AND
2 1 244 243 247 AND
2 1 246 247 248 XOR
2 1 12 76 249 XOR
2 1 249 248 250 XOR
2 1 12 76 251 AND
2 1 249 248 252 AND
2 1 251 252 253 XOR
2 1 13 77 254 XOR
2 1 254 253 255 XOR
2 1 13 77 256 AND
2 1 254 253 257 AND
2 1 256 257 258 XOR
2 1 14 78 259 XOR
2 1 259 258 260 XOR
2 1 14 78 261 AND
2 1 259 258 262 AND
2 1 261 262 263 XOR
2 1 15 79 264 XOR
2 1 264 263 265 XOR
2 1 15 79 266 AND
2 1 264 263 267 AND
2 1 266 267 268 XOR
2 1 16 80 269 XOR
2 1 269 268 270 XOR
2 1 16 80 271 AND
2 1 269 268 272 AND
2 1 271 272 273 XOR
2 1 17 81 274 XOR
2 1 274 273 275 XOR
2 1 17 81 276 AND
2 1 274 273 277 AND
2 1 276 277 278 XOR
2 1 18 82 279 XOR
2 1 279 278 280 XOR
2 1 18 82 281 AND
2 1 279 278 282 AND
2 1 281 282 283 XOR
2 1 19 83 284 XOR
2 1 284 283 285 XOR
2 1 19 83 286 AND
2 1 284 283 287 AND
2 1 286 287 288 XOR
2 1 20 84 289 XOR
2 1 289 288 290 XOR
2 1 20 84 291 AND
2 1 289 288 292 AND
2 1 291 292 293 XOR
2 1 21 85 294 XOR
2 1 294 293 295 XOR
2 1 21 85 296 AND
2 1 294 293 297 AND
2 1 296 297 298 XOR
2 1 22 86 299 XOR
2 1 299 298 300 XOR
2 1 22 86 301 AND
2 1 299 298 302 AND
2 1 301 302 303 XOR
2 1 23 87 304 XOR
2 1 304 303 305 XOR
2 1 23 87 306 AND
2 1 304 303 307 AND
2 1 306 307 308 XOR
2 1 24 88 309 XOR
2 1 309 308 310 XOR
2 1 24 88 311 AND
2 1 309 308 312 AND
2 1 311 312 313 XOR
2 1 25 89 314 XOR
2 1 314 313 315 XOR
2 1 25 89 316 AND
2 1 314 313 317 AND
2 1 316 317 318 XOR
2 1 26 90 319 XOR
2 1 319 318 320 XOR
2 1 26 90 321 AND
2 1 319 318 322 AND
2 1 321 322 323 XOR
2 1 27 91 324 XOR
2 1 324 323 325 XOR
2 1 27 91 326 AND
2 1 324 323 327 AND
2 1 326 327 328 XOR
2 1 28 92 329 XOR
2 1 329 328 330 XOR
2 1 28 92 331 AND
2 1 329 328 332 AND
2 1 331 332 333 XOR
2 1 29 93 334 XOR
2 1 334 333 335 XOR
2 1 29 93 336 AND
2 1 334 333 337 AND
2 1 336 337 338 XOR
2 1 30 94 339 XOR
2 1 339 338 340 XOR
2 1 30 94 341 AND
2 1 339 338 342 AND
2 1 341 342 343 XOR
2 1 31 95 344 XOR
2 1 344 343 345 XOR
2 1 31 95 346 AND
2 1 344 343 347 AND
2 1 346 347 348 XOR
2 1 32 96 349 XOR
2 1 349 348 350 XOR
2 1 32 96 351 AND
2 1 349 348 352 AND
2 1 351 352 353 XOR
2 1 33 97 354 XOR
2 1 354 353 355 XOR
2 1 33 97 356 AND
2 1 354 353 357 AND
2 1 356 357 358 XOR
2 1 34 98 359 XOR
2 1 359 358 360 XOR
2 1 34 98 361 AND
2 1 359 358 362 AND
2 1 361 362 363 XOR
2 1 35 99 364 XOR
2 1 364 363 365 XOR
2 1 35 99 366 AND
2 1 364 363 367 AND
2 1 366 367 368 XOR
2 1 36 100 369 XOR
2 1 369 368 370 XOR
2 1 36 100 371 AND
2 1 369 368 372 AND
2 1 371 372 373 XOR
2 1 37 101 374 XOR
2 1 374 373 375 XOR
2 1 37 101 376 AND
2 1 374 373 377 AND
2 1 376 377 378 XOR
2 1 38 102 379 XOR
2 1 379 378 380 XOR
2 1 38 102 381 AND
2 1 379 378 382 AND
2 1 381 382 383 XOR
2 1 39 103 384 XOR
2 1 384 383 385 XOR
2 1 39 103 386 AND
2 1 384 383 387 AND
2 1 386 387 388 XOR
2 1 40 104 389 XOR
2 1 389 388 390 XOR
2 1 40 104 391 AND
2 1 389 388 392 AND
2 1 391 392 393 XOR
2 1 41 105 394 XOR
2 1 394 393 395 XOR
2 1 41 105 396 AND
2 1 394 393 397 AND
2 1 396 397 398 XOR
2 1 42 106 399 XOR
2 1 399 398 400 XOR
2 1 42 106 401 AND
2 1 399 398 402 AND
2 1 401 402 403 XOR
2 1 43 107 404 XOR
2 1 404 403 405 XOR
2 1 43 107 406 AND
2 1 404 403 407 AND
2 1 406 407 408 XOR
2 1 44 108 409 XOR
2 1 409 408 410 XOR
2 1 44 108 411 AND
2 1 409 408 412 AND
2 1 411 412 413 XOR
2 1 45 109 414 XOR
2 1 414 413 415 XOR
2 1 45 109 416 AND
2 1 414 413 417 AND
2 1 416 417 418 XOR
2 1 46 110 419 XOR
2 1 419 418 420 XOR
2 1 46 110 421 AND
2 1 419 418 422 AND
2 1 421 422 423 XOR
2 1 47 111 424 XOR
2 1 424 423 425 XOR
2 1 47 111 426 AND
2 1 424 423 427 AND
2 1 426 427 428 XOR
2 1 48 112 429 XOR
2 1 429 428 430 XOR
2 1 48 112 431 AND
2 1 429 428 432 AND
2 1 431 432 433 XOR
2 1 49 113 434 XOR
2 1 434 433 435 XOR
2 1 49 113 436 AND
2 1 434 433 437 AND
2 1 436 437 438 XOR
2 1 50 114 439 XOR
2 1 439 438 440 XOR
2 1 50 114 441 AND
2 1 439 438 442 AND
2 1 441 442 443 XOR
2 1 51 115 444 XOR
2 1 444 443 445 XOR
2 1 51 115 446 AND
2 1 444 443 447 AND
2 1 446 447 448 XOR
2 1 52 116 449 XOR
2 1 449 448 450 XOR
2 1 52 116 451 AND
2 1 449 448 452 AND
2 1 451 452 453 XOR
2 1 53 117 454 XOR
2 1 454 453 455 XOR
2 1 53 117 456 AND
2 1 454 453 457 AND
2 1 456 457 458 XOR
2 1 54 118 459 XOR
2 1 459 458 460 XOR
2 1 54 118 461 AND
2 1 459 458 462 AND
2 1 461 462 463 XOR
2 1 55 119 464 XOR
2 1 464 463 465 XOR
2 1 55 119 466 AND
2 1 464 463 467 AND
2 1 466 467 468 XOR
2 1 56 120 469 XOR
2 1 469 468 470 XOR
2 1 56 120 471 AND
2 1 469 468 472 AND
2 1 471 472 473 XOR
2 1 57 121 474 XOR
2 1 474 473 475 XOR
2 1 57 121 476 AND
2 1 474 473 477 AND
2 1 476 477 478 XOR
2 1 58 122 479 XOR
2 1 479 478 480 XOR
2 1 58 122 481 AND
2 1 479 478 482 AND
2 1 481 482 483 XOR
2 1 59 123 484 XOR
2 1 484 483 485 XOR
2 1 59 123 486 AND
2 1 484 483 487 AND
2 1 486 487 488 XOR
2 1 60 124 489 XOR
2 1 489 488 490 XOR
2 1 60 124 491 AND
2 1 489 488 492 AND
2 1 491 492 493 XOR
2 1 61 125 494 XOR
2 1 494 493 495 XOR
2 1 61 125 496 AND
2 1 494 493 497 AND
2 1 496 497 498 XOR
2 1 62 126 499 XOR
2 1 499 498 500 XOR
2 1 62 126 501 AND
2 1 499 498 502 AND
2 1 501 502 503 XOR
2 1 63 127 504 XOR
2 1 504 503 505 XOR
2 1 63 127 506 AND
2 1 504 503 507 AND
2 1 506 507 508 XOR
2 1 192 128 509 XOR
2 1 192 128 510 AND
2 1 195 129 511 XOR
2 1 511 510 512 XOR
2 1 195 129 513 AND
2 1 511 510 514 AND
2 1 513 514 515 XOR
2 1 200 130 516 XOR
2 1 516 515 517 XOR
2 1 200 130 518 AND
2 1 516 515 519 AND
2 1 518 519 520 XOR
2 1 205 131 521 XOR
2 1 521 520 522 XOR
2 1 205 131 523 AND
2 1 521 520 524 AND
2 1 523 524 525 XOR
2 1 210 132 526 XOR
2 1 526 525 527 XOR
2 1 210 132 528 AND
2 1 526 525 529 AND
2 1 528 529 530 XOR
2 1 215 133 531 XOR
2 1 531 530 532 XOR
2 1 215 133 533 AND
2 1 531 530 534 AND
2 1 533 534 535 XOR
2 1 220 134 536 XOR
2 1 536 535 537 XOR
2 1 220 134 538 AND
2 1 536 535 539 AND
2 1 538 539 540 XOR
2 1 225 135 541 XOR
2 1 541 540 542 XOR
2 1 225 135 543 AND
2 1 541 540 544 AND
2 1 543 544 545 XOR
2 1 230 136 546 XOR
2 1 546 545 547 XOR
2 1 230 136 548 AND
2 1 546 545 549 AND
2 1 548 549 550 XOR
2 1 235 137 551 XOR
2 1 551 550 552 XOR
2 1 235 137 553 AND
2 1 551 550 554 AND
2 1 553 554 555 XOR
2 1 240 138 556 XOR
2 1 556 555 557 XOR
2 1 240 138 558 AND
2 1 556 555 559 AND
2 1 558 559 560 XOR
2 1 245 139 561 XOR
2 1 561 560 562 XOR
2 1 245 139 563 AND
2 1 561 560 564 AND
2 1 563 564 565 XOR
2 1 250 140 566 XOR
2 1 566 565 567 XOR
2 1 250 140 568 AND
2 1 566 565 569 AND
2 1 568 569 570 XOR
2 1 255 141 571 XOR
2 1 571 570 572 XOR
2 1 255 141 573 AND
2 1 571 570 574 AND
2 1 573 574 575 XOR
2 1 260 142 576 XOR
2 1 576 575 577 XOR
2 1 260 142 578 AND
2 1 576 575 579 AND
2 1 578 579 580 XOR
2 1 265 143 581 XOR
2 1 581 580 582 XOR
2 1 265 143 583 AND
2 1 581 580 584 AND
2 1 583 584 585 XOR
2 1 270 144 586 XOR
2 1 586 585 587 XOR
2 1 270 144 588 AND
2 1 586 585 589 AND
2 1 588 589 590 XOR
2 1 275 145 591 XOR
2 1 591 590 592 XOR
2 1 275 145 593 AND
2 1 591 590 594 AND
2 1 593 594 595 XOR
2 1 280 146 596 XOR
2 1 596 595 597 XOR
2 1 280 146 598 AND
2 1 596 595 599 AND
2 1 598 599 600 XOR
2 1 285 147 601 XOR
2 1 601 600 602 XOR
2 1 285 147 603 AND
2 1 601 600 604 AND
2 1 603 604 605 XOR
2 1 290 148 606 XOR
2 1 606 605 607 XOR
2 1 290 148 608 AND
2 1 606 605 609 AND
2 1 608 609 610 XOR
2 1 295 149 611 XOR
2 1 611 610 612 XOR
2 1 295 149 613 AND
2 1 611 610 614 AND
2 1 613 614 615 XOR
2 1 300 150 616 XOR
2 1 616 615 617 XOR
2 1 300 150 618 AND
2 1 616 615 619 AND
2 1 618 619 620 XOR
2 1 305 151 621 XOR
2 1 621 620 622 XOR
2 1 305 151 623 AND
2 1 621 620 624 AND
2 1 623 624 625 XOR
2 1 310 152 626 XOR
2 1 626 625 627 XOR
2 1 310 152 628 AND
2 1 626 625 629 AND
2 1 628 629 630 XOR
2 1 315 153 631 XOR
2 1 631 630 632 XOR
2 1 315 153 633 AND
2 1 631 630 634 AND
2 1 633 634 635 XOR
2 1 320 154 636 XOR
2 1 636 635 637 XOR
2 1 320 154 638 AND
2 1 636 635 639 AND
2 1 638 639 640 XOR
2 1 325 155 641 XOR
2 1 641 640 642 XOR
2 1 325 155 643 AND
2 1 641 640 644 AND
2 1 643 644 645 XOR
2 1 330 156 646 XOR
2 1 646 645 647 XOR
2 1 330 156 648 AND
2 1 646 645 649 AND
2 1 648 649 650 XOR
2 1 335 157 651 XOR
2 1 651 650 652 XOR
2 1 335 157 653 AND
2 1 651 650 654 AND
2 1 653 654 655 XOR
2 1 340 158 656 XOR
2 1 656 655 657 XOR
2 1 340 158 658 AND
2 1 656 655 659 AND
2 1 658 659 660 XOR
2 1 345 159 661 XOR
2 1 661 660 662 XOR
2 1 345 159 663 AND
2 1 661 660 664 AND
2 1 663 664 665 XOR
2 1 350 160 666 XOR
2 1 666 665 667 XOR
2 1 350 160 668 AND
2 1 666 665 669 AND
2 1 668 669 670 XOR
2 1 355 161 671 XOR
2 1 671 670 672 XOR
2 1 355 161 673 AND
2 1 671 670 674 AND
2 1 673 674 675 XOR
2 1 360 162 676 XOR
2 1 676 675 677 XOR
2 1 360 162 678 AND
2 1 676 675 679 AND
2 1 678 679 680 XOR
2 1 365 163 681 XOR
2 1 681 680 682 XOR
2 1 365 163 683 AND
2 1 681 680 684 AND
2 1 683 684 685 XOR
2 1 370 164 686 XOR
2 1 686 685 687 XOR
2 1 370 164 688 AND
2 1 686 685 689 AND
2 1 688 689 690 XOR
2 1 375 165 691 XOR
2 1 691 690 692 XOR
2 1 375 165 693 AND
2 1 691 690 694 AND
2 1 693 694 695 XOR
2 1 380 166 696 XOR
2 1 696 695 697 XOR
2 1 380 166 698 AND
2 1 696 695 699 AND
2 1 698 699 700 XOR
2 1 385 167 701 XOR
2 1 701 700 702 XOR
2 1 385 167 703 AND
2 1 701 700 704 AND
2 1 703 704 705 XOR
2 1 390 168 706 XOR
2 1 706 705 707 XOR
2 1 390 168 708 AND
2 1 706 705 709 AND
2 1 708 709 710 XOR
2 1 395 169 711 XOR
2 1 711 710 712 XOR
2 1 395 169 713 AND
2 1 711 710 714 AND
2 1 713 714 715 XOR
2 1 400 170 716 XOR
2 1 716 715 717 XOR
2 1 400 170 718 AND
2 1 716 715 719 AND
2 1 718 719 720 XOR
2 1 405 171 721 XOR
2 1 721 720 722 XOR
2 1 405 171 723 AND
2 1 721 720 724 AND
2 1 723 724 725 XOR
2 1 410 172 726 XOR
2 1 726 725 727 XOR
2 1 410 172 728 AND
2 1 726 725 729 AND
2 1 728 729 730 XOR
2 1 415 173 731 XOR
2 1 731 730 732 XOR
2 1 415 173 733 AND
2 1 731 730 734 AND
2 1 733 734 735 XOR
2 1 420 174 736 XOR
2 1 736 735 737 XOR
2 1 420 174 738 AND
2 1 736 735 739 AND
2 1 738 739 740 XOR
2 1 425 175 741 XOR
2 1 741 740 742 XOR
2 1 425 175 743 AND
2 1 741 740 744 AND
2 1 743 744 745 XOR
2 1 430 176 746 XOR
2 1 746 745 747 XOR
2 1 430 176 748 AND
2 1 746 745 749 AND
2 1 748 749 750 XOR
2 1 435 177 751 XOR
2 1 751 750 752 XOR
2 1 435 177 753 AND
2 1 751 750 754 AND
2 1 753 754 755 XOR
2 1 440 178 756 XOR
2 1 756 755 757 XOR
2 1 440 178 758 AND
2 1 756 755 759 AND
2 1 758 759 760 XOR
2 1 445 179 761 XOR
2 1 761 760 762 XOR
2 1 445 179 763 AND
2 1 761 760 764 AND
2 1 763 764 765 XOR
2 1 450 180 766 XOR
2 1 766 765 767 XOR
2 1 450 180 768 AND
2 1 766 765 769 AND
2 1 768 769 770 XOR
2 1 455 181 771 XOR
2 1 771 770 772 XOR
2 1 455 181 773 AND
2 1 771 770 774 AND
2 1 773 774 775 XOR
2 1 460 182 776 XOR
2 1 776 775 777 XOR
2 1 460 182 778 AND
2 1 776 775 779 AND
2 1 778 779 780 XOR
2 1 465 183 781 XOR
2 1 781 780 782 XOR
2 1 465 183 783 AND
2 1 781 780 784 AND
2 1 783 784 785 XOR
2 1 470 184 786 XOR
2 1 786 785 787 XOR
2 1 470 184 788 AND
2 1 786 785 789 AND
2 1 788 789 790 XOR
2 1 475 185 791 XOR
2 1 791 790 792 XOR
2 1 475 185 793 AND
2 1 791 790 794 AND
2 1 793 794 795 XOR
2 1 480 186 796 XOR
2 1 796 795 797 XOR
2 1 480 186 798 AND
2 1 796 795 799 AND
2 1 798 799 800 XOR
2 1 485 187 801 XOR
2 1 801 800 802 XOR
2 1 485 187 803 AND
2 1 801 800 804 AND
2 1 803 804 805 XOR
2 1 490 188 806 XOR
2 1 806 805 807 XOR
2 1 490 188 808 AND
2 1 806 805 809 AND
2 1 808 809 810 XOR
2 1 495 189 811 XOR
2 1 811 810 812 XOR
2 1 495 189 813 AND
2 1 811 810 814 AND
2 1 813 814 815 XOR
2 1 500 190 816 XOR
2 1 816 815 817 XOR
2 1 500 190 818 AND
2 1 816 815 819 AND
2 1 818 819 820 XOR
2 1 505 191 821 XOR
2 1 821 820 822 XOR
2 1 505 191 823 AND
2 1 821 820 824 AND
2 1 823 824 825 XOR
1 1 509 826 EQW
1 1 512 827 EQW
1 1 517 828 EQW
1 1 522 829 EQW
1 1 527 830 EQW
1 1 532 831 EQW
1 1 537 832 EQW
1 1 542 833 EQW
1 1 547 834 EQW
1 1 552 835 EQW
1 1 557 836 EQW
1 1 562 837 EQW
1 1 567 838 EQW
1 1 572 839 EQW
1 1 577 840 EQW
1 1 582 841 EQW
1 1 587 842 EQW
1 1 592 843 EQW
1 1 597 844 EQW
1 1 602 845 EQW
1 1 607 846 EQW
1 1 612 847 EQW
1 1 617 848 EQW
1 1 622 849 EQW
1 1 627 850 EQW
1 1 632 851 EQW
1 1 637 852 EQW
1 1 642 853 EQW
1 1 647 854 EQW
1 1 652 855 EQW
1 1 657 856 EQW
1 1 662 857 EQW
1 1 667 858 EQW
1 1 672 859 EQW
1 1 677 860 EQW
1 1 682 861 EQW
1 1 687 862 EQW
1 1 692 863 EQW
1 1 697 864 EQW
1 1 702 865 EQW
1 1 707 866 EQW
1 1 712 867 EQW
1 1 717 868 EQW
1 1 722 869 EQW
1 1 727 870 EQW
1 1 732 871 EQW
1 1 737 872 EQW
1 1 742 873 EQW
1 1 747 874 EQW
1 1 752 875 EQW
1 1 757 876 EQW
1 1 762 877 EQW
1 1 767 878 EQW
1 1 772 879 EQW
1 1 777 880 EQW
1 1 782 881 EQW
1 1 787 882 EQW
1 1 792 883 EQW
1 1 797 884 EQW
1 1 802 885 EQW
1 1 807 886 EQW
1 1 812 887 EQW
1 1 817 888 EQW
1 1 822 889 EQW
