826 1018
3 64 64 64
1 64

2 1 0 64 192 XOR
1 1 0 193 INV
2 1 193 64 194 AND
2 1 65 194 195 XOR
2 1 1 195 196 XOR
1 1 1 197 INV
2 1 197 195 198 AND
2 1 65 194 199 AND
2 1 198 199 200 XOR
2 1 66 200 201 XOR
2 1 2 201 202 XOR
1 1 2 203 INV
2 1 203 201 204 AND
2 1 66 200 205 AND
2 1 204 205 206 XOR
2 1 67 206 207 XOR
2 1 3 207 208 XOR
1 1 3 209 INV
2 1 209 207 210 AND
2 1 67 206 211 AND
2 1 210 211 212 XOR
2 1 68 212 213 XOR
2 1 4 213 214 XOR
1 1 4 215 INV
2 1 215 213 216 AND
2 1 68 212 217 AND
2 1 216 217 218 XOR
2 1 69 218 219 XOR
2 1 5 219 220 XOR
1 1 5 221 INV
2 1 221 219 222 AND
2 1 69 218 223 AND
2 1 222 223 224 XOR
2 1 70 224 225 XOR
2 1 6 225 226 XOR
1 1 6 227 INV
2 1 227 225 228 AND
2 1 70 224 229 AND
2 1 228 229 230 XOR
2 1 71 230 231 XOR
2 1 7 231 232 XOR
1 1 7 233 INV
2 1 233 231 234 AND
2 1 71 230 235 AND
2 1 234 235 236 XOR
2 1 72 236 237 XOR
2 1 8 237 238 XOR
1 1 8 239 INV
2 1 239 237 240 AND
2 1 72 236 241 AND
2 1 240 241 242 XOR
2 1 73 242 243 XOR
2 1 9 243 244 XOR
1 1 9 245 INV
2 1 245 243 246 AND
2 1 73 242 247 AND
2 1 246 247 248 XOR
2 1 74 248 249 XOR
2 1 10 249 250 XOR
1 1 10 251 INV
2 1 251 249 252 AND
2 1 74 248 253 AND
2 1 252 253 254 XOR
2 1 75 254 255 XOR
2 1 11 255 256 XOR
1 1 11 257 INV
2 1 257 255 258 AND
2 1 75 254 259 AND
2 1 258 259 260 XOR
2 1 76 260 261 XOR
2 1 12 261 262 XOR
1 1 12 263 INV
2 1 263 261 264 AND
2 1 76 260 265 AND
2 1 264 265 266 XOR
2 1 77 266 267 XOR
2 1 13 267 268 XOR
1 1 13 269 INV
2 1 269 267 270 AND
2 1 77 266 271 AND
2 1 270 271 272 XOR
2 1 78 272 273 XOR
2 1 14 273 274 XOR
1 1 14 275 INV
2 1 275 273 276 AND
2 1 78 272 277 AND
2 1 276 277 278 XOR
2 1 79 278 279 XOR
2 1 15 279 280 XOR
1 1 15 281 INV
2 1 281 279 282 AND
2 1 79 278 283 AND
2 1 282 283 284 XOR
2 1 80 284 285 XOR
2 1 16 285 286 XOR
1 1 16 287 INV
2 1 287 285 288 AND
2 1 80 284 289 AND
2 1 288 289 290 XOR
2 1 81 290 291 XOR
2 1 17 291 292 XOR
1 1 17 293 INV
2 1 293 291 294 AND
2 1 81 290 295 AND
2 1 294 295 296 XOR
2 1 82 296 297 XOR
2 1 18 297 298 XOR
1 1 18 299 INV
2 1 299 297 300 AND
2 1 82 296 301 AND
2 1 300 301 302 XOR
2 1 83 302 303 XOR
2 1 19 303 304 XOR
1 1 19 305 INV
2 1 305 303 306 AND
2 1 83 302 307 AND
2 1 306 307 308 XOR
2 1 84 308 309 XOR
2 1 20 309 310 XOR
1 1 20 311 INV
2 1 311 309 312 AND
2 1 84 308 313 AND
2 1 312 313 314 XOR
2 1 85 314 315 XOR
2 1 21 315 316 XOR
1 1 21 317 INV
2 1 317 315 318 AND
2 1 85 314 319 AND
2 1 318 319 320 XOR
2 1 86 320 321 XOR
2 1 22 321 322 XOR
1 1 22 323 INV
2 1 323 321 324 AND
2 1 86 320 325 AND
2 1 324 325 326 XOR
2 1 87 326 327 XOR
2 1 23 327 328 XOR
1 1 23 329 INV
2 1 329 327 330 AND
2 1 87 326 331 AND
2 1 330 331 332 XOR
2 1 88 332 333 XOR
2 1 24 333 334 XOR
1 1 24 335 INV
2 1 335 333 336 AND
2 1 88 332 337 AND
2 1 336 337 338 XOR
2 1 89 338 339 XOR
2 1 25 339 340 XOR
1 1 25 341 INV
2 1 341 339 342 AND
2 1 89 338 343 AND
2 1 342 343 344 XOR
2 1 90 344 345 XOR
2 1 26 345 346 XOR
1 1 26 347 INV
2 1 347 345 348 AND
2 1 90 344 349 AND
2 1 348 349 350 XOR
2 1 91 350 351 XOR
2 1 27 351 352 XOR
1 1 27 353 INV
2 1 353 351 354 AND
2 1 91 350 355 AND
2 1 354 355 356 XOR
2 1 92 356 357 XOR
2 1 28 357 358 XOR
1 1 28 359 INV
2 1 359 357 360 AND
2 1 92 356 361 AND
2 1 360 361 362 XOR
2 1 93 362 363 XOR
2 1 29 363 364 XOR
1 1 29 365 INV
2 1 365 363 366 AND
2 1 93 362 367 AND
2 1 366 367 368 XOR
2 1 94 368 369 XOR
2 1 30 369 370 XOR
1 1 30 371 INV
2 1 371 369 372 AND
2 1 94 368 373 AND
2 1 372 373 374 XOR
2 1 95 374 375 XOR
2 1 31 375 376 XOR
1 1 31 377 INV
2 1 377 375 378 AND
2 1 95 374 379 AND
2 1 378 379 380 XOR
2 1 96 380 381 XOR
2 1 32 381 382 XOR
1 1 32 383 INV
2 1 383 381 384 AND
2 1 96 380 385 AND
2 1 384 385 386 XOR
2 1 97 386 387 XOR
2 1 33 387 388 XOR
1 1 33 389 INV
2 1 389 387 390 AND
2 1 97 386 391 AND
2 1 390 391 392 XOR
2 1 98 392 393 XOR
2 1 34 393 394 XOR
1 1 34 395 INV
2 1 395 393 396 AND
2 1 98 392 397 AND
2 1 396 397 398 XOR
2 1 99 398 399 XOR
2 1 35 399 400 XOR
1 1 35 401 INV
2 1 401 399 402 AND
2 1 99 398 403 AND
2 1 402 403 404 XOR
2 1 100 404 405 XOR
2 1 36 405 406 XOR
1 1 36 407 INV
2 1 407 405 408 AND
2 1 100 404 409 AND
2 1 408 409 410 XOR
2 1 101 410 411 XOR
2 1 37 411 412 XOR
1 1 37 413 INV
2 1 413 411 414 AND
2 1 101 410 415 AND
2 1 414 415 416 XOR
2 1 102 416 417 XOR
2 1 38 417 418 XOR
1 1 38 419 INV
2 1 419 417 420 AND
2 1 102 416 421 AND
2 1 420 421 422 XOR
2 1 103 422 423 XOR
2 1 39 423 424 XOR
1 1 39 425 INV
2 1 425 423 426 AND
2 1 103 422 427 AND
2 1 426 427 428 XOR
2 1 104 428 429 XOR
2 1 40 429 430 XOR
1 1 40 431 INV
2 1 431 429 432 AND
2 1 104 428 433 AND
2 1 432 433 434 XOR
2 1 105 434 435 XOR
2 1 41 435 436 XOR
1 1 41 437 INV
2 1 437 435 438 AND
2 1 105 434 439 AND
2 1 438 439 440 XOR
2 1 106 440 441 XOR
2 1 42 441 442 XOR
1 1 42 443 INV
2 1 443 441 444 AND
2 1 106 440 445 AND
2 1 444 445 446 XOR
2 1 107 446 447 XOR
2 1 43 447 448 XOR
1 1 43 449 INV
2 1 449 447 450 AND
2 1 107 446 451 AND
2 1 450 451 452 XOR
2 1 108 452 453 XOR
2 1 44 453 454 XOR
1 1 44 455 INV
2 1 455 453 456 AND
2 1 108 452 457 AND
2 1 456 457 458 XOR
2 1 109 458 459 XOR
2 1 45 459 460 XOR
1 1 45 461 INV
2 1 461 459 462 AND
2 1 109 458 463 AND
2 1 462 463 464 XOR
2 1 110 464 465 XOR
2 1 46 465 466 XOR
1 1 46 467 INV
2 1 467 465 468 AND
2 1 110 464 469 AND
2 1 468 469 470 XOR
2 1 111 470 471 XOR
2 1 47 471 472 XOR
1 1 47 473 INV
2 1 473 471 474 AND
2 1 111 470 475 AND
2 1 474 475 476 XOR
2 1 112 476 477 XOR
2 1 48 477 478 XOR
1 1 48 479 INV
2 1 479 477 480 AND
2 1 112 476 481 AND
2 1 480 481 482 XOR
2 1 113 482 483 XOR
2 1 49 483 484 XOR
1 1 49 485 INV
2 1 485 483 486 AND
2 1 113 482 487 AND
2 1 486 487 488 XOR
2 1 114 488 489 XOR
2 1 50 489 490 XOR
1 1 50 491 INV
2 1 491 489 492 AND
2 1 114 488 493 AND
2 1 492 493 494 XOR
2 1 115 494 495 XOR
2 1 51 495 496 XOR
1 1 51 497 INV
2 1 497 495 498 AND
2 1 115 494 499 AND
2 1 498 499 500 XOR
2 1 116 500 501 XOR
2 1 52 501 502 XOR
1 1 52 503 INV
2 1 503 501 504 AND
2 1 116 500 505 AND
2 1 504 505 506 XOR
2 1 117 506 507 XOR
2 1 53 507 508 XOR
1 1 53 509 INV
2 1 509 507 510 AND
2 1 117 506 511 AND
2 1 510 511 512 XOR
2 1 118 512 513 XOR
2 1 54 513 514 XOR
1 1 54 515 INV
2 1 515 513 516 AND
2 1 118 512 517 AND
2 1 516 517 518 XOR
2 1 119 518 519 XOR
2 1 55 519 520 XOR
1 1 55 521 INV
2 1 521 519 522 AND
2 1 119 518 523 AND
2 1 522 523 524 XOR
2 1 120 524 525 XOR
2 1 56 525 526 XOR
1 1 56 527 INV
2 1 527 525 528 AND
2 1 120 524 529 AND
2 1 528 529 530 XOR
2 1 121 530 531 XOR
2 1 57 531 532 XOR
1 1 57 533 INV
2 1 533 531 534 AND
2 1 121 530 535 AND
2 1 534 535 536 XOR
2 1 122 536 537 XOR
2 1 58 537 538 XOR
1 1 58 539 INV
2 1 539 537 540 AND
2 1 122 536 541 AND
2 1 540 541 542 XOR
2 1 123 542 543 XOR
2 1 59 543 544 XOR
1 1 59 545 INV
2 1 545 543 546 AND
2 1 123 542 547 AND
2 1 546 547 548 XOR
2 1 124 548 549 XOR
2 1 60 549 550 XOR
1 1 60 551 INV
2 1 551 549 552 AND
2 1 124 548 553 AND
2 1 552 553 554 XOR
2 1 125 554 555 XOR
2 1 61 555 556 XOR
1 1 61 557 INV
2 1 557 555 558 AND
2 1 125 554 559 AND
2 1 558 559 560 XOR
2 1 126 560 561 XOR
2 1 62 561 562 XOR
1 1 62 563 INV
2 1 563 561 564 AND
2 1 126 560 565 AND
2 1 564 565 566 XOR
2 1 127 566 567 XOR
2 1 63 567 568 XOR
1 1 63 569 INV
2 1 569 567 570 AND
2 1 127 566 571 AND
2 1 570 571 572 XOR
2 1 192 128 573 XOR
1 1 192 574 INV
2 1 574 128 575 AND
2 1 129 575 576 XOR
2 1 196 576 577 XOR
1 1 196 578 INV
2 1 578 576 579 AND
2 1 129 575 580 AND
2 1 579 580 581 XOR
2 1 130 581 582 XOR
2 1 202 582 583 XOR
1 1 202 584 INV
2 1 584 582 585 AND
2 1 130 581 586 AND
2 1 585 586 587 XOR
2 1 131 587 588 XOR
2 1 208 588 589 XOR
1 1 208 590 INV
2 1 590 588 591 AND
2 1 131 587 592 AND
2 1 591 592 593 XOR
2 1 132 593 594 XOR
2 1 214 594 595 XOR
1 1 214 596 INV
2 1 596 594 597 AND
2 1 132 593 598 AND
2 1 597 598 599 XOR
2 1 133 599 600 XOR
2 1 220 600 601 XOR
1 1 220 602 INV
2 1 602 600 603 AND
2 1 133 599 604 AND
2 1 603 604 605 XOR
2 1 134 605 606 XOR
2 1 226 606 607 XOR
1 1 226 608 INV
2 1 608 606 609 AND
2 1 134 605 610 AND
2 1 609 610 611 XOR
2 1 135 611 612 XOR
2 1 232 612 613 XOR
1 1 232 614 INV
2 1 614 612 615 AND
2 1 135 611 616 AND
2 1 615 616 617 XOR
2 1 136 617 618 XOR
2 1 238 618 619 XOR
1 1 238 620 INV
2 1 620 618 621 AND
2 1 136 617 622 AND
2 1 621 622 623 XOR
2 1 137 623 624 XOR
2 1 244 624 625 XOR
1 1 244 626 INV
2 1 626 624 627 AND
2 1 137 623 628 AND
2 1 627 628 629 XOR
2 1 138 629 630 XOR
2 1 250 630 631 XOR
1 1 250 632 INV
2 1 632 630 633 AND
2 1 138 629 634 AND
2 1 633 634 635 XOR
2 1 139 635 636 XOR
2 1 256 636 637 XOR
1 1 256 638 INV
2 1 638 636 639 AND
2 1 139 635 640 AND
2 1 639 640 641 XOR
2 1 140 641 642 XOR
2 1 262 642 643 XOR
1 1 262 644 INV
2 1 644 642 645 AND
2 1 140 641 646 AND
2 1 645 646 647 XOR
2 1 141 647 648 XOR
2 1 268 648 649 XOR
1 1 268 650 INV
2 1 650 648 651 AND
2 1 141 647 652 AND
2 1 651 652 653 XOR
2 1 142 653 654 XOR
2 1 274 654 655 XOR
1 1 274 656 INV
2 1 656 654 657 AND
2 1 142 653 658 AND
2 1 657 658 659 XOR
2 1 143 659 660 XOR
2 1 280 660 661 XOR
1 1 280 662 INV
2 1 662 660 663 AND
2 1 143 659 664 AND
2 1 663 664 665 XOR
2 1 144 665 666 XOR
2 1 286 666 667 XOR
1 1 286 668 INV
2 1 668 666 669 AND
2 1 144 665 670 AND
2 1 669 670 671 XOR
2 1 145 671 672 XOR
2 1 292 672 673 XOR
1 1 292 674 INV
2 1 674 672 675 AND
2 1 145 671 676 AND
2 1 675 676 677 XOR
2 1 146 677 678 XOR
2 1 298 678 679 XOR
1 1 298 680 INV
2 1 680 678 681 AND
2 1 146 677 682 AND
2 1 681 682 683 XOR
2 1 147 683 684 XOR
2 1 304 684 685 XOR
1 1 304 686 INV
2 1 686 684 687 AND
2 1 147 683 688 AND
2 1 687 688 689 XOR
2 1 148 689 690 XOR
2 1 310 690 691 XOR
1 1 310 692 INV
2 1 692 690 693 AND
2 1 148 689 694 AND
2 1 693 694 695 XOR
2 1 149 695 696 XOR
2 1 316 696 697 XOR
1 1 316 698 INV
2 1 698 696 699 AND
2 1 149 695 700 AND
2 1 699 700 701 XOR
2 1 150 701 702 XOR
2 1 322 702 703 XOR
1 1 322 704 INV
2 1 704 702 705 AND
2 1 150 701 706 AND
2 1 705 706 707 XOR
2 1 151 707 708 XOR
2 1 328 708 709 XOR
1 1 328 710 INV
2 1 710 708 711 AND
2 1 151 707 712 AND
2 1 711 712 713 XOR
2 1 152 713 714 XOR
2 1 334 714 715 XOR
1 1 334 716 INV
2 1 716 714 717 AND
2 1 152 713 718 AND
2 1 717 718 719 XOR
2 1 153 719 720 XOR
2 1 340 720 721 XOR
1 1 340 722 INV
2 1 722 720 723 AND
2 1 153 719 724 AND
2 1 723 724 725 XOR
2 1 154 725 726 XOR
2 1 346 726 727 XOR
1 1 346 728 INV
2 1 728 726 729 AND
2 1 154 725 730 AND
2 1 729 730 731 XOR
2 1 155 731 732 XOR
2 1 352 732 733 XOR
1 1 352 734 INV
2 1 734 732 735 AND
2 1 155 731 736 AND
2 1 735 736 737 XOR
2 1 156 737 738 XOR
2 1 358 738 739 XOR
1 1 358 740 INV
2 1 740 738 741 AND
2 1 156 737 742 AND
2 1 741 742 743 XOR
2 1 157 743 744 XOR
2 1 364 744 745 XOR
1 1 364 746 INV
2 1 746 744 747 AND
2 1 157 743 748 AND
2 1 747 748 749 XOR
2 1 158 749 750 XOR
2 1 370 750 751 XOR
1 1 370 752 INV
2 1 752 750 753 AND
2 1 158 749 754 AND
2 1 753 754 755 XOR
2 1 159 755 756 XOR
2 1 376 756 757 XOR
1 1 376 758 INV
2 1 758 756 759 AND
2 1 159 755 760 AND
2 1 759 760 761 XOR
2 1 160 761 762 XOR
2 1 382 762 763 XOR
1 1 382 764 INV
2 1 764 762 765 AND
2 1 160 761 766 AND
2 1 765 766 767 XOR
2 1 161 767 768 XOR
2 1 388 768 769 XOR
1 1 388 770 INV
2 1 770 768 771 AND
2 1 161 767 772 AND
2 1 771 772 773 XOR
2 1 162 773 774 XOR
2 1 394 774 775 XOR
1 1 394 776 INV
2 1 776 774 777 AND
2 1 162 773 778 AND
2 1 777 778 779 XOR
2 1 163 779 780 XOR
2 1 400 780 781 XOR
1 1 400 782 INV
2 1 782 780 783 AND
2 1 163 779 784 AND
2 1 783 784 785 XOR
2 1 164 785 786 XOR
2 1 406 786 787 XOR
1 1 406 788 INV
2 1 788 786 789 AND
2 1 164 785 790 AND
2 1 789 790 791 XOR
2 1 165 791 792 XOR
2 1 412 792 793 XOR
1 1 412 794 INV
2 1 794 792 795 AND
2 1 165 791 796 AND
2 1 795 796 797 XOR
2 1 166 797 798 XOR
2 1 418 798 799 XOR
1 1 418 800 INV
2 1 800 798 801 AND
2 1 166 797 802 AND
2 1 801 802 803 XOR
2 1 167 803 804 XOR
2 1 424 804 805 XOR
1 1 424 806 INV
2 1 806 804 807 AND
2 1 167 803 808 AND
2 1 807 808 809 XOR
2 1 168 809 810 XOR
2 1 430 810 811 XOR
1 1 430 812 INV
2 1 812 810 813 AND
2 1 168 809 814 AND
2 1 813 814 815 XOR
2 1 169 815 816 XOR
2 1 436 816 817 XOR
1 1 436 818 INV
2 1 818 816 819 AND
2 1 169 815 820 AND
2 1 819 820 821 XOR
2 1 170 821 822 XOR
2 1 442 822 823 XOR
1 1 442 824 INV
2 1 824 822 825 AND
2 1 170 821 826 AND
2 1 825 826 827 XOR
2 1 171 827 828 XOR
2 1 448 828 829 XOR
1 1 448 830 INV
2 1 830 828 831 AND
2 1 171 827 832 AND
2 1 831 832 833 XOR
2 1 172 833 834 XOR
2 1 454 834 835 XOR
1 1 454 836 INV
2 1 836 834 837 AND
2 1 172 833 838 AND
2 1 837 838 839 XOR
2 1 173 839 840 XOR
2 1 460 840 841 XOR
1 1 460 842 INV
2 1 842 840 843 AND
2 1 173 839 844 AND
2 1 843 844 845 XOR
2 1 174 845 846 XOR
2 1 466 846 847 XOR
1 1 466 848 INV
2 1 848 846 849 AND
2 1 174 845 850 AND
2 1 849 850 851 XOR
2 1 175 851 852 XOR
2 1 472 852 853 XOR
1 1 472 854 INV
2 1 854 852 855 AND
2 1 175 851 856 AND
2 1 855 856 857 XOR
2 1 176 857 858 XOR
2 1 478 858 859 XOR
1 1 478 860 INV
2 1 860 858 861 AND
2 1 176 857 862 AND
2 1 861 862 863 XOR
2 1 177 863 864 XOR
2 1 484 864 865 XOR
1 1 484 866 INV
2 1 866 864 867 AND
2 1 177 863 868 AND
2 1 867 868 869 XOR
2 1 178 869 870 XOR
2 1 490 870 871 XOR
1 1 490 872 INV
2 1 872 870 873 AND
2 1 178 869 874 AND
2 1 873 874 875 XOR
2 1 179 875 876 XOR
2 1 496 876 877 XOR
1 1 496 878 INV
2 1 878 876 879 AND
2 1 179 875 880 AND
2 1 879 880 881 XOR
2 1 180 881 882 XOR
2 1 502 882 883 XOR
1 1 502 884 INV
2 1 884 882 885 AND
2 1 180 881 886 AND
2 1 885 886 887 XOR
2 1 181 887 888 XOR
2 1 508 888 889 XOR
1 1 508 890 INV
2 1 890 888 891 AND
2 1 181 887 892 AND
2 1 891 892 893 XOR
2 1 182 893 894 XOR
2 1 514 894 895 XOR
1 1 514 896 INV
2 1 896 894 897 AND
2 1 182 893 898 AND
2 1 897 898 899 XOR
2 1 183 899 900 XOR
2 1 520 900 901 XOR
1 1 520 902 INV
2 1 902 900 903 AND
2 1 183 899 904 AND
2 1 903 904 905 XOR
2 1 184 905 906 XOR
2 1 526 906 907 XOR
1 1 526 908 INV
2 1 908 906 909 AND
2 1 184 905 910 AND
2 1 909 910 911 XOR
2 1 185 911 912 XOR
2 1 532 912 913 XOR
1 1 532 914 INV
2 1 914 912 915 AND
2 1 185 911 916 AND
2 1 915 916 917 XOR
2 1 186 917 918 XOR
2 1 538 918 919 XOR
1 1 538 920 INV
2 1 920 918 921 AND
2 1 186 917 922 AND
2 1 921 922 923 XOR
2 1 187 923 924 XOR
2 1 544 924 925 XOR
1 1 544 926 INV
2 1 926 924 927 AND
2 1 187 923 928 AND
2 1 927 928 929 XOR
2 1 188 929 930 XOR
2 1 550 930 931 XOR
1 1 550 932 INV
2 1 932 930 933 AND
2 1 188 929 934 AND
2 1 933 934 935 XOR
2 1 189 935 936 XOR
2 1 556 936 937 XOR
1 1 556 938 INV
2 1 938 936 939 AND
2 1 189 935 940 AND
2 1 939 940 941 XOR
2 1 190 941 942 XOR
2 1 562 942 943 XOR
1 1 562 944 INV
2 1 944 942 945 AND
2 1 190 941 946 AND
2 1 945 946 947 XOR
2 1 191 947 948 XOR
2 1 568 948 949 XOR
1 1 568 950 INV
2 1 950 948 951 AND
2 1 191 947 952 AND
2 1 951 952 953 XOR
1 1 573 954 EQW
1 1 577 955 EQW
1 1 583 956 EQW
1 1 589 957 EQW
1 1 595 958 EQW
1 1 601 959 EQW
1 1 607 960 EQW
1 1 613 961 EQW
1 1 619 962 EQW
1 1 625 963 EQW
1 1 631 964 EQW
1 1 637 965 EQW
1 1 643 966 EQW
1 1 649 967 EQW
1 1 655 968 EQW
1 1 661 969 EQW
1 1 667 970 EQW
1 1 673 971 EQW
1 1 679 972 EQW
1 1 685 973 EQW
1 1 691 974 EQW
1 1 697 975 EQW
1 1 703 976 EQW
1 1 709 977 EQW
1 1 715 978 EQW
1 1 721 979 EQW
1 1 727 980 EQW
1 1 733 981 EQW
1 1 739 982 EQW
1 1 745 983 EQW
1 1 751 984 EQW
1 1 757 985 EQW
1 1 763 986 EQW
1 1 769 987 EQW
1 1 775 988 EQW
1 1 781 989 EQW
1 1 787 990 EQW
1 1 793 991 EQW
1 1 799 992 EQW
1 1 805 993 EQW
1 1 811 994 EQW
1 1 817 995 EQW
1 1 823 996 EQW
1 1 829 997 EQW
1 1 835 998 EQW
1 1 841 999 EQW
1 1 847 1000 EQW
1 1 853 1001 EQW
1 1 859 1002 EQW
1 1 865 1003 EQW
1 1 871 1004 EQW
1 1 877 1005 EQW
1 1 883 1006 EQW
1 1 889 1007 EQW
1 1 895 1008 EQW
1 1 901 1009 EQW
1 1 907 1010 EQW
1 1 913 1011 EQW
1 1 919 1012 EQW
1 1 925 1013 EQW
1 1 931 1014 EQW
1 1 937 1015 EQW
1 1 943 1016 EQW
1 1 949 1017 EQW
