3457 6912
18 128 128 128 128 128 128 128 128 128 128 128 128 128 128 128 128 128 128
18 128 128 128 128 128 128 128 128 128 128 128 128 128 128 128 128 128 128

2 1 0 1152 2304 XOR
2 1 1 1153 2305 XOR
2 1 2 1154 2306 XOR
2 1 3 1155 2307 XOR
2 1 4 1156 2308 XOR
2 1 5 1157 2309 XOR
2 1 6 1158 2310 XOR
2 1 7 1159 2311 XOR
2 1 8 1160 2312 XOR
2 1 9 1161 2313 XOR
2 1 10 1162 2314 XOR
2 1 11 1163 2315 XOR
2 1 12 1164 2316 XOR
2 1 13 1165 2317 XOR
2 1 14 1166 2318 XOR
2 1 15 1167 2319 XOR
2 1 16 1168 2320 XOR
2 1 17 1169 2321 XOR
2 1 18 1170 2322 XOR
2 1 19 1171 2323 XOR
2 1 20 1172 2324 XOR
2 1 21 1173 2325 XOR
2 1 22 1174 2326 XOR
2 1 23 1175 2327 XOR
2 1 24 1176 2328 XOR
2 1 25 1177 2329 XOR
2 1 26 1178 2330 XOR
2 1 27 1179 2331 XOR
2 1 28 1180 2332 XOR
2 1 29 1181 2333 XOR
2 1 30 1182 2334 XOR
2 1 31 1183 2335 XOR
2 1 32 1184 2336 XOR
2 1 33 1185 2337 XOR
2 1 34 1186 2338 XOR
2 1 35 1187 2339 XOR
2 1 36 1188 2340 XOR
2 1 37 1189 2341 XOR
2 1 38 1190 2342 XOR
2 1 39 1191 2343 XOR
2 1 40 1192 2344 XOR
2 1 41 1193 2345 XOR
2 1 42 1194 2346 XOR
2 1 43 1195 2347 XOR
2 1 44 1196 2348 XOR
2 1 45 1197 2349 XOR
2 1 46 1198 2350 XOR
2 1 47 1199 2351 XOR
2 1 48 1200 2352 XOR
2 1 49 1201 2353 XOR
2 1 50 1202 2354 XOR
2 1 51 1203 2355 XOR
2 1 52 1204 2356 XOR
2 1 53 1205 2357 XOR
2 1 54 1206 2358 XOR
2 1 55 1207 2359 XOR
2 1 56 1208 2360 XOR
2 1 57 1209 2361 XOR
2 1 58 1210 2362 XOR
2 1 59 1211 2363 XOR
2 1 60 1212 2364 XOR
2 1 61 1213 2365 XOR
2 1 62 1214 2366 XOR
2 1 63 1215 2367 XOR
2 1 64 1216 2368 XOR
2 1 65 1217 2369 XOR
2 1 66 1218 2370 XOR
2 1 67 1219 2371 XOR
2 1 68 1220 2372 XOR
2 1 69 1221 2373 XOR
2 1 70 1222 2374 XOR
2 1 71 1223 2375 XOR
2 1 72 1224 2376 XOR
2 1 73 1225 2377 XOR
2 1 74 1226 2378 XOR
2 1 75 1227 2379 XOR
2 1 76 1228 2380 XOR
2 1 77 1229 2381 XOR
2 1 78 1230 2382 XOR
2 1 79 1231 2383 XOR
2 1 80 1232 2384 XOR
2 1 81 1233 2385 XOR
2 1 82 1234 2386 XOR
2 1 83 1235 2387 XOR
2 1 84 1236 2388 XOR
2 1 85 1237 2389 XOR
2 1 86 1238 2390 XOR
2 1 87 1239 2391 XOR
2 1 88 1240 2392 XOR
2 1 89 1241 2393 XOR
2 1 90 1242 2394 XOR
2 1 91 1243 2395 XOR
2 1 92 1244 2396 XOR
2 1 93 1245 2397 XOR
2 1 94 1246 2398 XOR
2 1 95 1247 2399 XOR
2 1 96 1248 2400 XOR
2 1 97 1249 2401 XOR
2 1 98 1250 2402 XOR
2 1 99 1251 2403 XOR
2 1 100 1252 2404 XOR
2 1 101 1253 2405 XOR
2 1 102 1254 2406 XOR
2 1 103 1255 2407 XOR
2 1 104 1256 2408 XOR
2 1 105 1257 2409 XOR
2 1 106 1258 2410 XOR
2 1 107 1259 2411 XOR
2 1 108 1260 2412 XOR
2 1 109 1261 2413 XOR
2 1 110 1262 2414 XOR
2 1 111 1263 2415 XOR
2 1 112 1264 2416 XOR
2 1 113 1265 2417 XOR
2 1 114 1266 2418 XOR
2 1 115 1267 2419 XOR
2 1 116 1268 2420 XOR
2 1 117 1269 2421 XOR
2 1 118 1270 2422 XOR
2 1 119 1271 2423 XOR
2 1 120 1272 2424 XOR
2 1 121 1273 2425 XOR
2 1 122 1274 2426 XOR
2 1 123 1275 2427 XOR
2 1 124 1276 2428 XOR
2 1 125 1277 2429 XOR
2 1 126 1278 2430 XOR
2 1 127 1279 2431 XOR
2 1 128 1280 2432 XOR
2 1 129 1281 2433 XOR
2 1 130 1282 2434 XOR
2 1 131 1283 2435 XOR
2 1 132 1284 2436 XOR
2 1 133 1285 2437 XOR
2 1 134 1286 2438 XOR
2 1 135 1287 2439 XOR
2 1 136 1288 2440 XOR
2 1 137 1289 2441 XOR
2 1 138 1290 2442 XOR
2 1 139 1291 2443 XOR
2 1 140 1292 2444 XOR
2 1 141 1293 2445 XOR
2 1 142 1294 2446 XOR
2 1 143 1295 2447 XOR
2 1 144 1296 2448 XOR
2 1 145 1297 2449 XOR
2 1 146 1298 2450 XOR
2 1 147 1299 2451 XOR
2 1 148 1300 2452 XOR
2 1 149 1301 2453 XOR
2 1 150 1302 2454 XOR
2 1 151 1303 2455 XOR
2 1 152 1304 2456 XOR
2 1 153 1305 2457 XOR
2 1 154 1306 2458 XOR
2 1 155 1307 2459 XOR
2 1 156 1308 2460 XOR
2 1 157 1309 2461 XOR
2 1 158 1310 2462 XOR
2 1 159 1311 2463 XOR
2 1 160 1312 2464 XOR
2 1 161 1313 2465 XOR
2 1 162 1314 2466 XOR
2 1 163 1315 2467 XOR
2 1 164 1316 2468 XOR
2 1 165 1317 2469 XOR
2 1 166 1318 2470 XOR
2 1 167 1319 2471 XOR
2 1 168 1320 2472 XOR
2 1 169 1321 2473 XOR
2 1 170 1322 2474 XOR
2 1 171 1323 2475 XOR
2 1 172 1324 2476 XOR
2 1 173 1325 2477 XOR
2 1 174 1326 2478 XOR
2 1 175 1327 2479 XOR
2 1 176 1328 2480 XOR
2 1 177 1329 2481 XOR
2 1 178 1330 2482 XOR
2 1 179 1331 2483 XOR
2 1 180 1332 2484 XOR
2 1 181 1333 2485 XOR
2 1 182 1334 2486 XOR
2 1 183 1335 2487 XOR
2 1 184 1336 2488 XOR
2 1 185 1337 2489 XOR
2 1 186 1338 2490 XOR
2 1 187 1339 2491 XOR
2 1 188 1340 2492 XOR
2 1 189 1341 2493 XOR
2 1 190 1342 2494 XOR
2 1 191 1343 2495 XOR
2 1 192 1344 2496 XOR
2 1 193 1345 2497 XOR
2 1 194 1346 2498 XOR
2 1 195 1347 2499 XOR
2 1 196 1348 2500 XOR
2 1 197 1349 2501 XOR
2 1 198 1350 2502 XOR
2 1 199 1351 2503 XOR
2 1 200 1352 2504 XOR
2 1 201 1353 2505 XOR
2 1 202 1354 2506 XOR
2 1 203 1355 2507 XOR
2 1 204 1356 2508 XOR
2 1 205 1357 2509 XOR
2 1 206 1358 2510 XOR
2 1 207 1359 2511 XOR
2 1 208 1360 2512 XOR
2 1 209 1361 2513 XOR
2 1 210 1362 2514 XOR
2 1 211 1363 2515 XOR
2 1 212 1364 2516 XOR
2 1 213 1365 2517 XOR
2 1 214 1366 2518 XOR
2 1 215 1367 2519 XOR
2 1 216 1368 2520 XOR
2 1 217 1369 2521 XOR
2 1 218 1370 2522 XOR
2 1 219 1371 2523 XOR
2 1 220 1372 2524 XOR
2 1 221 1373 2525 XOR
2 1 222 1374 2526 XOR
2 1 223 1375 2527 XOR
2 1 224 1376 2528 XOR
2 1 225 1377 2529 XOR
2 1 226 1378 2530 XOR
2 1 227 1379 2531 XOR
2 1 228 1380 2532 XOR
2 1 229 1381 2533 XOR
2 1 230 1382 2534 XOR
2 1 231 1383 2535 XOR
2 1 232 1384 2536 XOR
2 1 233 1385 2537 XOR
2 1 234 1386 2538 XOR
2 1 235 1387 2539 XOR
2 1 236 1388 2540 XOR
2 1 237 1389 2541 XOR
2 1 238 1390 2542 XOR
2 1 239 1391 2543 XOR
2 1 240 1392 2544 XOR
2 1 241 1393 2545 XOR
2 1 242 1394 2546 XOR
2 1 243 1395 2547 XOR
2 1 244 1396 2548 XOR
2 1 245 1397 2549 XOR
2 1 246 1398 2550 XOR
2 1 247 1399 2551 XOR
2 1 248 1400 2552 XOR
2 1 249 1401 2553 XOR
2 1 250 1402 2554 XOR
2 1 251 1403 2555 XOR
2 1 252 1404 2556 XOR
2 1 253 1405 2557 XOR
2 1 254 1406 2558 XOR
2 1 255 1407 2559 XOR
2 1 256 1408 2560 XOR
2 1 257 1409 2561 XOR
2 1 258 1410 2562 XOR
2 1 259 1411 2563 XOR
2 1 260 1412 2564 XOR
2 1 261 1413 2565 XOR
2 1 262 1414 2566 XOR
2 1 263 1415 2567 XOR
2 1 264 1416 2568 XOR
2 1 265 1417 2569 XOR
2 1 266 1418 2570 XOR
2 1 267 1419 2571 XOR
2 1 268 1420 2572 XOR
2 1 269 1421 2573 XOR
2 1 270 1422 2574 XOR
2 1 271 1423 2575 XOR
2 1 272 1424 2576 XOR
2 1 273 1425 2577 XOR
2 1 274 1426 2578 XOR
2 1 275 1427 2579 XOR
2 1 276 1428 2580 XOR
2 1 277 1429 2581 XOR
2 1 278 1430 2582 XOR
2 1 279 1431 2583 XOR
2 1 280 1432 2584 XOR
2 1 281 1433 2585 XOR
2 1 282 1434 2586 XOR
2 1 283 1435 2587 XOR
2 1 284 1436 2588 XOR
2 1 285 1437 2589 XOR
2 1 286 1438 2590 XOR
2 1 287 1439 2591 XOR
2 1 288 1440 2592 XOR
2 1 289 1441 2593 XOR
2 1 290 1442 2594 XOR
2 1 291 1443 2595 XOR
2 1 292 1444 2596 XOR
2 1 293 1445 2597 XOR
2 1 294 1446 2598 XOR
2 1 295 1447 2599 XOR
2 1 296 1448 2600 XOR
2 1 297 1449 2601 XOR
2 1 298 1450 2602 XOR
2 1 299 1451 2603 XOR
2 1 300 1452 2604 XOR
2 1 301 1453 2605 XOR
2 1 302 1454 2606 XOR
2 1 303 1455 2607 XOR
2 1 304 1456 2608 XOR
2 1 305 1457 2609 XOR
2 1 306 1458 2610 XOR
2 1 307 1459 2611 XOR
2 1 308 1460 2612 XOR
2 1 309 1461 2613 XOR
2 1 310 1462 2614 XOR
2 1 311 1463 2615 XOR
2 1 312 1464 2616 XOR
2 1 313 1465 2617 XOR
2 1 314 1466 2618 XOR
2 1 315 1467 2619 XOR
2 1 316 1468 2620 XOR
2 1 317 1469 2621 XOR
2 1 318 1470 2622 XOR
2 1 319 1471 2623 XOR
2 1 320 1472 2624 XOR
2 1 321 1473 2625 XOR
2 1 322 1474 2626 XOR
2 1 323 1475 2627 XOR
2 1 324 1476 2628 XOR
2 1 325 1477 2629 XOR
2 1 326 1478 2630 XOR
2 1 327 1479 2631 XOR
2 1 328 1480 2632 XOR
2 1 329 1481 2633 XOR
2 1 330 1482 2634 XOR
2 1 331 1483 2635 XOR
2 1 332 1484 2636 XOR
2 1 333 1485 2637 XOR
2 1 334 1486 2638 XOR
2 1 335 1487 2639 XOR
2 1 336 1488 2640 XOR
2 1 337 1489 2641 XOR
2 1 338 1490 2642 XOR
2 1 339 1491 2643 XOR
2 1 340 1492 2644 XOR
2 1 341 1493 2645 XOR
2 1 342 1494 2646 XOR
2 1 343 1495 2647 XOR
2 1 344 1496 2648 XOR
2 1 345 1497 2649 XOR
2 1 346 1498 2650 XOR
2 1 347 1499 2651 XOR
2 1 348 1500 2652 XOR
2 1 349 1501 2653 XOR
2 1 350 1502 2654 XOR
2 1 351 1503 2655 XOR
2 1 352 1504 2656 XOR
2 1 353 1505 2657 XOR
2 1 354 1506 2658 XOR
2 1 355 1507 2659 XOR
2 1 356 1508 2660 XOR
2 1 357 1509 2661 XOR
2 1 358 1510 2662 XOR
2 1 359 1511 2663 XOR
2 1 360 1512 2664 XOR
2 1 361 1513 2665 XOR
2 1 362 1514 2666 XOR
2 1 363 1515 2667 XOR
2 1 364 1516 2668 XOR
2 1 365 1517 2669 XOR
2 1 366 1518 2670 XOR
2 1 367 1519 2671 XOR
2 1 368 1520 2672 XOR
2 1 369 1521 2673 XOR
2 1 370 1522 2674 XOR
2 1 371 1523 2675 XOR
2 1 372 1524 2676 XOR
2 1 373 1525 2677 XOR
2 1 374 1526 2678 XOR
2 1 375 1527 2679 XOR
2 1 376 1528 2680 XOR
2 1 377 1529 2681 XOR
2 1 378 1530 2682 XOR
2 1 379 1531 2683 XOR
2 1 380 1532 2684 XOR
2 1 381 1533 2685 XOR
2 1 382 1534 2686 XOR
2 1 383 1535 2687 XOR
2 1 384 1536 2688 XOR
2 1 385 1537 2689 XOR
2 1 386 1538 2690 XOR
2 1 387 1539 2691 XOR
2 1 388 1540 2692 XOR
2 1 389 1541 2693 XOR
2 1 390 1542 2694 XOR
2 1 391 1543 2695 XOR
2 1 392 1544 2696 XOR
2 1 393 1545 2697 XOR
2 1 394 1546 2698 XOR
2 1 395 1547 2699 XOR
2 1 396 1548 2700 XOR
2 1 397 1549 2701 XOR
2 1 398 1550 2702 XOR
2 1 399 1551 2703 XOR
2 1 400 1552 2704 XOR
2 1 401 1553 2705 XOR
2 1 402 1554 2706 XOR
2 1 403 1555 2707 XOR
2 1 404 1556 2708 XOR
2 1 405 1557 2709 XOR
2 1 406 1558 2710 XOR
2 1 407 1559 2711 XOR
2 1 408 1560 2712 XOR
2 1 409 1561 2713 XOR
2 1 410 1562 2714 XOR
2 1 411 1563 2715 XOR
2 1 412 1564 2716 XOR
2 1 413 1565 2717 XOR
2 1 414 1566 2718 XOR
2 1 415 1567 2719 XOR
2 1 416 1568 2720 XOR
2 1 417 1569 2721 XOR
2 1 418 1570 2722 XOR
2 1 419 1571 2723 XOR
2 1 420 1572 2724 XOR
2 1 421 1573 2725 XOR
2 1 422 1574 2726 XOR
2 1 423 1575 2727 XOR
2 1 424 1576 2728 XOR
2 1 425 1577 2729 XOR
2 1 426 1578 2730 XOR
2 1 427 1579 2731 XOR
2 1 428 1580 2732 XOR
2 1 429 1581 2733 XOR
2 1 430 1582 2734 XOR
2 1 431 1583 2735 XOR
2 1 432 1584 2736 XOR
2 1 433 1585 2737 XOR
2 1 434 1586 2738 XOR
2 1 435 1587 2739 XOR
2 1 436 1588 2740 XOR
2 1 437 1589 2741 XOR
2 1 438 1590 2742 XOR
2 1 439 1591 2743 XOR
2 1 440 1592 2744 XOR
2 1 441 1593 2745 XOR
2 1 442 1594 2746 XOR
2 1 443 1595 2747 XOR
2 1 444 1596 2748 XOR
2 1 445 1597 2749 XOR
2 1 446 1598 2750 XOR
2 1 447 1599 2751 XOR
2 1 448 1600 2752 XOR
2 1 449 1601 2753 XOR
2 1 450 1602 2754 XOR
2 1 451 1603 2755 XOR
2 1 452 1604 2756 XOR
2 1 453 1605 2757 XOR
2 1 454 1606 2758 XOR
2 1 455 1607 2759 XOR
2 1 456 1608 2760 XOR
2 1 457 1609 2761 XOR
2 1 458 1610 2762 XOR
2 1 459 1611 2763 XOR
2 1 460 1612 2764 XOR
2 1 461 1613 2765 XOR
2 1 462 1614 2766 XOR
2 1 463 1615 2767 XOR
2 1 464 1616 2768 XOR
2 1 465 1617 2769 XOR
2 1 466 1618 2770 XOR
2 1 467 1619 2771 XOR
2 1 468 1620 2772 XOR
2 1 469 1621 2773 XOR
2 1 470 1622 2774 XOR
2 1 471 1623 2775 XOR
2 1 472 1624 2776 XOR
2 1 473 1625 2777 XOR
2 1 474 1626 2778 XOR
2 1 475 1627 2779 XOR
2 1 476 1628 2780 XOR
2 1 477 1629 2781 XOR
2 1 478 1630 2782 XOR
2 1 479 1631 2783 XOR
2 1 480 1632 2784 XOR
2 1 481 1633 2785 XOR
2 1 482 1634 2786 XOR
2 1 483 1635 2787 XOR
2 1 484 1636 2788 XOR
2 1 485 1637 2789 XOR
2 1 486 1638 2790 XOR
2 1 487 1639 2791 XOR
2 1 488 1640 2792 XOR
2 1 489 1641 2793 XOR
2 1 490 1642 2794 XOR
2 1 491 1643 2795 XOR
2 1 492 1644 2796 XOR
2 1 493 1645 2797 XOR
2 1 494 1646 2798 XOR
2 1 495 1647 2799 XOR
2 1 496 1648 2800 XOR
2 1 497 1649 2801 XOR
2 1 498 1650 2802 XOR
2 1 499 1651 2803 XOR
2 1 500 1652 2804 XOR
2 1 501 1653 2805 XOR
2 1 502 1654 2806 XOR
2 1 503 1655 2807 XOR
2 1 504 1656 2808 XOR
2 1 505 1657 2809 XOR
2 1 506 1658 2810 XOR
2 1 507 1659 2811 XOR
2 1 508 1660 2812 XOR
2 1 509 1661 2813 XOR
2 1 510 1662 2814 XOR
2 1 511 1663 2815 XOR
2 1 512 1664 2816 XOR
2 1 513 1665 2817 XOR
2 1 514 1666 2818 XOR
2 1 515 1667 2819 XOR
2 1 516 1668 2820 XOR
2 1 517 1669 2821 XOR
2 1 518 1670 2822 XOR
2 1 519 1671 2823 XOR
2 1 520 1672 2824 XOR
2 1 521 1673 2825 XOR
2 1 522 1674 2826 XOR
2 1 523 1675 2827 XOR
2 1 524 1676 2828 XOR
2 1 525 1677 2829 XOR
2 1 526 1678 2830 XOR
2 1 527 1679 2831 XOR
2 1 528 1680 2832 XOR
2 1 529 1681 2833 XOR
2 1 530 1682 2834 XOR
2 1 531 1683 2835 XOR
2 1 532 1684 2836 XOR
2 1 533 1685 2837 XOR
2 1 534 1686 2838 XOR
2 1 535 1687 2839 XOR
2 1 536 1688 2840 XOR
2 1 537 1689 2841 XOR
2 1 538 1690 2842 XOR
2 1 539 1691 2843 XOR
2 1 540 1692 2844 XOR
2 1 541 1693 2845 XOR
2 1 542 1694 2846 XOR
2 1 543 1695 2847 XOR
2 1 544 1696 2848 XOR
2 1 545 1697 2849 XOR
2 1 546 1698 2850 XOR
2 1 547 1699 2851 XOR
2 1 548 1700 2852 XOR
2 1 549 1701 2853 XOR
2 1 550 1702 2854 XOR
2 1 551 1703 2855 XOR
2 1 552 1704 2856 XOR
2 1 553 1705 2857 XOR
2 1 554 1706 2858 XOR
2 1 555 1707 2859 XOR
2 1 556 1708 2860 XOR
2 1 557 1709 2861 XOR
2 1 558 1710 2862 XOR
2 1 559 1711 2863 XOR
2 1 560 1712 2864 XOR
2 1 561 1713 2865 XOR
2 1 562 1714 2866 XOR
2 1 563 1715 2867 XOR
2 1 564 1716 2868 XOR
2 1 565 1717 2869 XOR
2 1 566 1718 2870 XOR
2 1 567 1719 2871 XOR
2 1 568 1720 2872 XOR
2 1 569 1721 2873 XOR
2 1 570 1722 2874 XOR
2 1 571 1723 2875 XOR
2 1 572 1724 2876 XOR
2 1 573 1725 2877 XOR
2 1 574 1726 2878 XOR
2 1 575 1727 2879 XOR
2 1 576 1728 2880 XOR
2 1 577 1729 2881 XOR
2 1 578 1730 2882 XOR
2 1 579 1731 2883 XOR
2 1 580 1732 2884 XOR
2 1 581 1733 2885 XOR
2 1 582 1734 2886 XOR
2 1 583 1735 2887 XOR
2 1 584 1736 2888 XOR
2 1 585 1737 2889 XOR
2 1 586 1738 2890 XOR
2 1 587 1739 2891 XOR
2 1 588 1740 2892 XOR
2 1 589 1741 2893 XOR
2 1 590 1742 2894 XOR
2 1 591 1743 2895 XOR
2 1 592 1744 2896 XOR
2 1 593 1745 2897 XOR
2 1 594 1746 2898 XOR
2 1 595 1747 2899 XOR
2 1 596 1748 2900 XOR
2 1 597 1749 2901 XOR
2 1 598 1750 2902 XOR
2 1 599 1751 2903 XOR
2 1 600 1752 2904 XOR
2 1 601 1753 2905 XOR
2 1 602 1754 2906 XOR
2 1 603 1755 2907 XOR
2 1 604 1756 2908 XOR
2 1 605 1757 2909 XOR
2 1 606 1758 2910 XOR
2 1 607 1759 2911 XOR
2 1 608 1760 2912 XOR
2 1 609 1761 2913 XOR
2 1 610 1762 2914 XOR
2 1 611 1763 2915 XOR
2 1 612 1764 2916 XOR
2 1 613 1765 2917 XOR
2 1 614 1766 2918 XOR
2 1 615 1767 2919 XOR
2 1 616 1768 2920 XOR
2 1 617 1769 2921 XOR
2 1 618 1770 2922 XOR
2 1 619 1771 2923 XOR
2 1 620 1772 2924 XOR
2 1 621 1773 2925 XOR
2 1 622 1774 2926 XOR
2 1 623 1775 2927 XOR
2 1 624 1776 2928 XOR
2 1 625 1777 2929 XOR
2 1 626 1778 2930 XOR
2 1 627 1779 2931 XOR
2 1 628 1780 2932 XOR
2 1 629 1781 2933 XOR
2 1 630 1782 2934 XOR
2 1 631 1783 2935 XOR
2 1 632 1784 2936 XOR
2 1 633 1785 2937 XOR
2 1 634 1786 2938 XOR
2 1 635 1787 2939 XOR
2 1 636 1788 2940 XOR
2 1 637 1789 2941 XOR
2 1 638 1790 2942 XOR
2 1 639 1791 2943 XOR
2 1 640 1792 2944 XOR
2 1 641 1793 2945 XOR
2 1 642 1794 2946 XOR
2 1 643 1795 2947 XOR
2 1 644 1796 2948 XOR
2 1 645 1797 2949 XOR
2 1 646 1798 2950 XOR
2 1 647 1799 2951 XOR
2 1 648 1800 2952 XOR
2 1 649 1801 2953 XOR
2 1 650 1802 2954 XOR
2 1 651 1803 2955 XOR
2 1 652 1804 2956 XOR
2 1 653 1805 2957 XOR
2 1 654 1806 2958 XOR
2 1 655 1807 2959 XOR
2 1 656 1808 2960 XOR
2 1 657 1809 2961 XOR
2 1 658 1810 2962 XOR
2 1 659 1811 2963 XOR
2 1 660 1812 2964 XOR
2 1 661 1813 2965 XOR
2 1 662 1814 2966 XOR
2 1 663 1815 2967 XOR
2 1 664 1816 2968 XOR
2 1 665 1817 2969 XOR
2 1 666 1818 2970 XOR
2 1 667 1819 2971 XOR
2 1 668 1820 2972 XOR
2 1 669 1821 2973 XOR
2 1 670 1822 2974 XOR
2 1 671 1823 2975 XOR
2 1 672 1824 2976 XOR
2 1 673 1825 2977 XOR
2 1 674 1826 2978 XOR
2 1 675 1827 2979 XOR
2 1 676 1828 2980 XOR
2 1 677 1829 2981 XOR
2 1 678 1830 2982 XOR
2 1 679 1831 2983 XOR
2 1 680 1832 2984 XOR
2 1 681 1833 2985 XOR
2 1 682 1834 2986 XOR
2 1 683 1835 2987 XOR
2 1 684 1836 2988 XOR
2 1 685 1837 2989 XOR
2 1 686 1838 2990 XOR
2 1 687 1839 2991 XOR
2 1 688 1840 2992 XOR
2 1 689 1841 2993 XOR
2 1 690 1842 2994 XOR
2 1 691 1843 2995 XOR
2 1 692 1844 2996 XOR
2 1 693 1845 2997 XOR
2 1 694 1846 2998 XOR
2 1 695 1847 2999 XOR
2 1 696 1848 3000 XOR
2 1 697 1849 3001 XOR
2 1 698 1850 3002 XOR
2 1 699 1851 3003 XOR
2 1 700 1852 3004 XOR
2 1 701 1853 3005 XOR
2 1 702 1854 3006 XOR
2 1 703 1855 3007 XOR
2 1 704 1856 3008 XOR
2 1 705 1857 3009 XOR
2 1 706 1858 3010 XOR
2 1 707 1859 3011 XOR
2 1 708 1860 3012 XOR
2 1 709 1861 3013 XOR
2 1 710 1862 3014 XOR
2 1 711 1863 3015 XOR
2 1 712 1864 3016 XOR
2 1 713 1865 3017 XOR
2 1 714 1866 3018 XOR
2 1 715 1867 3019 XOR
2 1 716 1868 3020 XOR
2 1 717 1869 3021 XOR
2 1 718 1870 3022 XOR
2 1 719 1871 3023 XOR
2 1 720 1872 3024 XOR
2 1 721 1873 3025 XOR
2 1 722 1874 3026 XOR
2 1 723 1875 3027 XOR
2 1 724 1876 3028 XOR
2 1 725 1877 3029 XOR
2 1 726 1878 3030 XOR
2 1 727 1879 3031 XOR
2 1 728 1880 3032 XOR
2 1 729 1881 3033 XOR
2 1 730 1882 3034 XOR
2 1 731 1883 3035 XOR
2 1 732 1884 3036 XOR
2 1 733 1885 3037 XOR
2 1 734 1886 3038 XOR
2 1 735 1887 3039 XOR
2 1 736 1888 3040 XOR
2 1 737 1889 3041 XOR
2 1 738 1890 3042 XOR
2 1 739 1891 3043 XOR
2 1 740 1892 3044 XOR
2 1 741 1893 3045 XOR
2 1 742 1894 3046 XOR
2 1 743 1895 3047 XOR
2 1 744 1896 3048 XOR
2 1 745 1897 3049 XOR
2 1 746 1898 3050 XOR
2 1 747 1899 3051 XOR
2 1 748 1900 3052 XOR
2 1 749 1901 3053 XOR
2 1 750 1902 3054 XOR
2 1 751 1903 3055 XOR
2 1 752 1904 3056 XOR
2 1 753 1905 3057 XOR
2 1 754 1906 3058 XOR
2 1 755 1907 3059 XOR
2 1 756 1908 3060 XOR
2 1 757 1909 3061 XOR
2 1 758 1910 3062 XOR
2 1 759 1911 3063 XOR
2 1 760 1912 3064 XOR
2 1 761 1913 3065 XOR
2 1 762 1914 3066 XOR
2 1 763 1915 3067 XOR
2 1 764 1916 3068 XOR
2 1 765 1917 3069 XOR
2 1 766 1918 3070 XOR
2 1 767 1919 3071 XOR
2 1 768 1920 3072 XOR
2 1 769 1921 3073 XOR
2 1 770 1922 3074 XOR
2 1 771 1923 3075 XOR
2 1 772 1924 3076 XOR
2 1 773 1925 3077 XOR
2 1 774 1926 3078 XOR
2 1 775 1927 3079 XOR
2 1 776 1928 3080 XOR
2 1 777 1929 3081 XOR
2 1 778 1930 3082 XOR
2 1 779 1931 3083 XOR
2 1 780 1932 3084 XOR
2 1 781 1933 3085 XOR
2 1 782 1934 3086 XOR
2 1 783 1935 3087 XOR
2 1 784 1936 3088 XOR
2 1 785 1937 3089 XOR
2 1 786 1938 3090 XOR
2 1 787 1939 3091 XOR
2 1 788 1940 3092 XOR
2 1 789 1941 3093 XOR
2 1 790 1942 3094 XOR
2 1 791 1943 3095 XOR
2 1 792 1944 3096 XOR
2 1 793 1945 3097 XOR
2 1 794 1946 3098 XOR
2 1 795 1947 3099 XOR
2 1 796 1948 3100 XOR
2 1 797 1949 3101 XOR
2 1 798 1950 3102 XOR
2 1 799 1951 3103 XOR
2 1 800 1952 3104 XOR
2 1 801 1953 3105 XOR
2 1 802 1954 3106 XOR
2 1 803 1955 3107 XOR
2 1 804 1956 3108 XOR
2 1 805 1957 3109 XOR
2 1 806 1958 3110 XOR
2 1 807 1959 3111 XOR
2 1 808 1960 3112 XOR
2 1 809 1961 3113 XOR
2 1 810 1962 3114 XOR
2 1 811 1963 3115 XOR
2 1 812 1964 3116 XOR
2 1 813 1965 3117 XOR
2 1 814 1966 3118 XOR
2 1 815 1967 3119 XOR
2 1 816 1968 3120 XOR
2 1 817 1969 3121 XOR
2 1 818 1970 3122 XOR
2 1 819 1971 3123 XOR
2 1 820 1972 3124 XOR
2 1 821 1973 3125 XOR
2 1 822 1974 3126 XOR
2 1 823 1975 3127 XOR
2 1 824 1976 3128 XOR
2 1 825 1977 3129 XOR
2 1 826 1978 3130 XOR
2 1 827 1979 3131 XOR
2 1 828 1980 3132 XOR
2 1 829 1981 3133 XOR
2 1 830 1982 3134 XOR
2 1 831 1983 3135 XOR
2 1 832 1984 3136 XOR
2 1 833 1985 3137 XOR
2 1 834 1986 3138 XOR
2 1 835 1987 3139 XOR
2 1 836 1988 3140 XOR
2 1 837 1989 3141 XOR
2 1 838 1990 3142 XOR
2 1 839 1991 3143 XOR
2 1 840 1992 3144 XOR
2 1 841 1993 3145 XOR
2 1 842 1994 3146 XOR
2 1 843 1995 3147 XOR
2 1 844 1996 3148 XOR
2 1 845 1997 3149 XOR
2 1 846 1998 3150 XOR
2 1 847 1999 3151 XOR
2 1 848 2000 3152 XOR
2 1 849 2001 3153 XOR
2 1 850 2002 3154 XOR
2 1 851 2003 3155 XOR
2 1 852 2004 3156 XOR
2 1 853 2005 3157 XOR
2 1 854 2006 3158 XOR
2 1 855 2007 3159 XOR
2 1 856 2008 3160 XOR
2 1 857 2009 3161 XOR
2 1 858 2010 3162 XOR
2 1 859 2011 3163 XOR
2 1 860 2012 3164 XOR
2 1 861 2013 3165 XOR
2 1 862 2014 3166 XOR
2 1 863 2015 3167 XOR
2 1 864 2016 3168 XOR
2 1 865 2017 3169 XOR
2 1 866 2018 3170 XOR
2 1 867 2019 3171 XOR
2 1 868 2020 3172 XOR
2 1 869 2021 3173 XOR
2 1 870 2022 3174 XOR
2 1 871 2023 3175 XOR
2 1 872 2024 3176 XOR
2 1 873 2025 3177 XOR
2 1 874 2026 3178 XOR
2 1 875 2027 3179 XOR
2 1 876 2028 3180 XOR
2 1 877 2029 3181 XOR
2 1 878 2030 3182 XOR
2 1 879 2031 3183 XOR
2 1 880 2032 3184 XOR
2 1 881 2033 3185 XOR
2 1 882 2034 3186 XOR
2 1 883 2035 3187 XOR
2 1 884 2036 3188 XOR
2 1 885 2037 3189 XOR
2 1 886 2038 3190 XOR
2 1 887 2039 3191 XOR
2 1 888 2040 3192 XOR
2 1 889 2041 3193 XOR
2 1 890 2042 3194 XOR
2 1 891 2043 3195 XOR
2 1 892 2044 3196 XOR
2 1 893 2045 3197 XOR
2 1 894 2046 3198 XOR
2 1 895 2047 3199 XOR
2 1 896 2048 3200 XOR
2 1 897 2049 3201 XOR
2 1 898 2050 3202 XOR
2 1 899 2051 3203 XOR
2 1 900 2052 3204 XOR
2 1 901 2053 3205 XOR
2 1 902 2054 3206 XOR
2 1 903 2055 3207 XOR
2 1 904 2056 3208 XOR
2 1 905 2057 3209 XOR
2 1 906 2058 3210 XOR
2 1 907 2059 3211 XOR
2 1 908 2060 3212 XOR
2 1 909 2061 3213 XOR
2 1 910 2062 3214 XOR
2 1 911 2063 3215 XOR
2 1 912 2064 3216 XOR
2 1 913 2065 3217 XOR
2 1 914 2066 3218 XOR
2 1 915 2067 3219 XOR
2 1 916 2068 3220 XOR
2 1 917 2069 3221 XOR
2 1 918 2070 3222 XOR
2 1 919 2071 3223 XOR
2 1 920 2072 3224 XOR
2 1 921 2073 3225 XOR
2 1 922 2074 3226 XOR
2 1 923 2075 3227 XOR
2 1 924 2076 3228 XOR
2 1 925 2077 3229 XOR
2 1 926 2078 3230 XOR
2 1 927 2079 3231 XOR
2 1 928 2080 3232 XOR
2 1 929 2081 3233 XOR
2 1 930 2082 3234 XOR
2 1 931 2083 3235 XOR
2 1 932 2084 3236 XOR
2 1 933 2085 3237 XOR
2 1 934 2086 3238 XOR
2 1 935 2087 3239 XOR
2 1 936 2088 3240 XOR
2 1 937 2089 3241 XOR
2 1 938 2090 3242 XOR
2 1 939 2091 3243 XOR
2 1 940 2092 3244 XOR
2 1 941 2093 3245 XOR
2 1 942 2094 3246 XOR
2 1 943 2095 3247 XOR
2 1 944 2096 3248 XOR
2 1 945 2097 3249 XOR
2 1 946 2098 3250 XOR
2 1 947 2099 3251 XOR
2 1 948 2100 3252 XOR
2 1 949 2101 3253 XOR
2 1 950 2102 3254 XOR
2 1 951 2103 3255 XOR
2 1 952 2104 3256 XOR
2 1 953 2105 3257 XOR
2 1 954 2106 3258 XOR
2 1 955 2107 3259 XOR
2 1 956 2108 3260 XOR
2 1 957 2109 3261 XOR
2 1 958 2110 3262 XOR
2 1 959 2111 3263 XOR
2 1 960 2112 3264 XOR
2 1 961 2113 3265 XOR
2 1 962 2114 3266 XOR
2 1 963 2115 3267 XOR
2 1 964 2116 3268 XOR
2 1 965 2117 3269 XOR
2 1 966 2118 3270 XOR
2 1 967 2119 3271 XOR
2 1 968 2120 3272 XOR
2 1 969 2121 3273 XOR
2 1 970 2122 3274 XOR
2 1 971 2123 3275 XOR
2 1 972 2124 3276 XOR
2 1 973 2125 3277 XOR
2 1 974 2126 3278 XOR
2 1 975 2127 3279 XOR
2 1 976 2128 3280 XOR
2 1 977 2129 3281 XOR
2 1 978 2130 3282 XOR
2 1 979 2131 3283 XOR
2 1 980 2132 3284 XOR
2 1 981 2133 3285 XOR
2 1 982 2134 3286 XOR
2 1 983 2135 3287 XOR
2 1 984 2136 3288 XOR
2 1 985 2137 3289 XOR
2 1 986 2138 3290 XOR
2 1 987 2139 3291 XOR
2 1 988 2140 3292 XOR
2 1 989 2141 3293 XOR
2 1 990 2142 3294 XOR
2 1 991 2143 3295 XOR
2 1 992 2144 3296 XOR
2 1 993 2145 3297 XOR
2 1 994 2146 3298 XOR
2 1 995 2147 3299 XOR
2 1 996 2148 3300 XOR
2 1 997 2149 3301 XOR
2 1 998 2150 3302 XOR
2 1 999 2151 3303 XOR
2 1 1000 2152 3304 XOR
2 1 1001 2153 3305 XOR
2 1 1002 2154 3306 XOR
2 1 1003 2155 3307 XOR
2 1 1004 2156 3308 XOR
2 1 1005 2157 3309 XOR
2 1 1006 2158 3310 XOR
2 1 1007 2159 3311 XOR
2 1 1008 2160 3312 XOR
2 1 1009 2161 3313 XOR
2 1 1010 2162 3314 XOR
2 1 1011 2163 3315 XOR
2 1 1012 2164 3316 XOR
2 1 1013 2165 3317 XOR
2 1 1014 2166 3318 XOR
2 1 1015 2167 3319 XOR
2 1 1016 2168 3320 XOR
2 1 1017 2169 3321 XOR
2 1 1018 2170 3322 XOR
2 1 1019 2171 3323 XOR
2 1 1020 2172 3324 XOR
2 1 1021 2173 3325 XOR
2 1 1022 2174 3326 XOR
2 1 1023 2175 3327 XOR
2 1 1024 2176 3328 XOR
2 1 1025 2177 3329 XOR
2 1 1026 2178 3330 XOR
2 1 1027 2179 3331 XOR
2 1 1028 2180 3332 XOR
2 1 1029 2181 3333 XOR
2 1 1030 2182 3334 XOR
2 1 1031 2183 3335 XOR
2 1 1032 2184 3336 XOR
2 1 1033 2185 3337 XOR
2 1 1034 2186 3338 XOR
2 1 1035 2187 3339 XOR
2 1 1036 2188 3340 XOR
2 1 1037 2189 3341 XOR
2 1 1038 2190 3342 XOR
2 1 1039 2191 3343 XOR
2 1 1040 2192 3344 XOR
2 1 1041 2193 3345 XOR
2 1 1042 2194 3346 XOR
2 1 1043 2195 3347 XOR
2 1 1044 2196 3348 XOR
2 1 1045 2197 3349 XOR
2 1 1046 2198 3350 XOR
2 1 1047 2199 3351 XOR
2 1 1048 2200 3352 XOR
2 1 1049 2201 3353 XOR
2 1 1050 2202 3354 XOR
2 1 1051 2203 3355 XOR
2 1 1052 2204 3356 XOR
2 1 1053 2205 3357 XOR
2 1 1054 2206 3358 XOR
2 1 1055 2207 3359 XOR
2 1 1056 2208 3360 XOR
2 1 1057 2209 3361 XOR
2 1 1058 2210 3362 XOR
2 1 1059 2211 3363 XOR
2 1 1060 2212 3364 XOR
2 1 1061 2213 3365 XOR
2 1 1062 2214 3366 XOR
2 1 1063 2215 3367 XOR
2 1 1064 2216 3368 XOR
2 1 1065 2217 3369 XOR
2 1 1066 2218 3370 XOR
2 1 1067 2219 3371 XOR
2 1 1068 2220 3372 XOR
2 1 1069 2221 3373 XOR
2 1 1070 2222 3374 XOR
2 1 1071 2223 3375 XOR
2 1 1072 2224 3376 XOR
2 1 1073 2225 3377 XOR
2 1 1074 2226 3378 XOR
2 1 1075 2227 3379 XOR
2 1 1076 2228 3380 XOR
2 1 1077 2229 3381 XOR
2 1 1078 2230 3382 XOR
2 1 1079 2231 3383 XOR
2 1 1080 2232 3384 XOR
2 1 1081 2233 3385 XOR
2 1 1082 2234 3386 XOR
2 1 1083 2235 3387 XOR
2 1 1084 2236 3388 XOR
2 1 1085 2237 3389 XOR
2 1 1086 2238 3390 XOR
2 1 1087 2239 3391 XOR
2 1 1088 2240 3392 XOR
2 1 1089 2241 3393 XOR
2 1 1090 2242 3394 XOR
2 1 1091 2243 3395 XOR
2 1 1092 2244 3396 XOR
2 1 1093 2245 3397 XOR
2 1 1094 2246 3398 XOR
2 1 1095 2247 3399 XOR
2 1 1096 2248 3400 XOR
2 1 1097 2249 3401 XOR
2 1 1098 2250 3402 XOR
2 1 1099 2251 3403 XOR
2 1 1100 2252 3404 XOR
2 1 1101 2253 3405 XOR
2 1 1102 2254 3406 XOR
2 1 1103 2255 3407 XOR
2 1 1104 2256 3408 XOR
2 1 1105 2257 3409 XOR
2 1 1106 2258 3410 XOR
2 1 1107 2259 3411 XOR
2 1 1108 2260 3412 XOR
2 1 1109 2261 3413 XOR
2 1 1110 2262 3414 XOR
2 1 1111 2263 3415 XOR
2 1 1112 2264 3416 XOR
2 1 1113 2265 3417 XOR
2 1 1114 2266 3418 XOR
2 1 1115 2267 3419 XOR
2 1 1116 2268 3420 XOR
2 1 1117 2269 3421 XOR
2 1 1118 2270 3422 XOR
2 1 1119 2271 3423 XOR
2 1 1120 2272 3424 XOR
2 1 1121 2273 3425 XOR
2 1 1122 2274 3426 XOR
2 1 1123 2275 3427 XOR
2 1 1124 2276 3428 XOR
2 1 1125 2277 3429 XOR
2 1 1126 2278 3430 XOR
2 1 1127 2279 3431 XOR
2 1 1128 2280 3432 XOR
2 1 1129 2281 3433 XOR
2 1 1130 2282 3434 XOR
2 1 1131 2283 3435 XOR
2 1 1132 2284 3436 XOR
2 1 1133 2285 3437 XOR
2 1 1134 2286 3438 XOR
2 1 1135 2287 3439 XOR
2 1 1136 2288 3440 XOR
2 1 1137 2289 3441 XOR
2 1 1138 2290 3442 XOR
2 1 1139 2291 3443 XOR
2 1 1140 2292 3444 XOR
2 1 1141 2293 3445 XOR
2 1 1142 2294 3446 XOR
2 1 1143 2295 3447 XOR
2 1 1144 2296 3448 XOR
2 1 1145 2297 3449 XOR
2 1 1146 2298 3450 XOR
2 1 1147 2299 3451 XOR
2 1 1148 2300 3452 XOR
2 1 1149 2301 3453 XOR
2 1 1150 2302 3454 XOR
2 1 1151 2303 3455 XOR
2304 1152 2304 2305 2306 2307 2308 2309 2310 2311 2312 2313 2314 2315 2316 2317 2318 2319 2320 2321 2322 2323 2324 2325 2326 2327 2328 2329 2330 2331 2332 2333 2334 2335 2336 2337 2338 2339 2340 2341 2342 2343 2344 2345 2346 2347 2348 2349 2350 2351 2352 2353 2354 2355 2356 2357 2358 2359 2360 2361 2362 2363 2364 2365 2366 2367 2368 2369 2370 2371 2372 2373 2374 2375 2376 2377 2378 2379 2380 2381 2382 2383 2384 2385 2386 2387 2388 2389 2390 2391 2392 2393 2394 2395 2396 2397 2398 2399 2400 2401 2402 2403 2404 2405 2406 2407 2408 2409 2410 2411 2412 2413 2414 2415 2416 2417 2418 2419 2420 2421 2422 2423 2424 2425 2426 2427 2428 2429 2430 2431 2432 2433 2434 2435 2436 2437 2438 2439 2440 2441 2442 2443 2444 2445 2446 2447 2448 2449 2450 2451 2452 2453 2454 2455 2456 2457 2458 2459 2460 2461 2462 2463 2464 2465 2466 2467 2468 2469 2470 2471 2472 2473 2474 2475 2476 2477 2478 2479 2480 2481 2482 2483 2484 2485 2486 2487 2488 2489 2490 2491 2492 2493 2494 2495 2496 2497 2498 2499 2500 2501 2502 2503 2504 2505 2506 2507 2508 2509 2510 2511 2512 2513 2514 2515 2516 2517 2518 2519 2520 2521 2522 2523 2524 2525 2526 2527 2528 2529 2530 2531 2532 2533 2534 2535 2536 2537 2538 2539 2540 2541 2542 2543 2544 2545 2546 2547 2548 2549 2550 2551 2552 2553 2554 2555 2556 2557 2558 2559 2560 2561 2562 2563 2564 2565 2566 2567 2568 2569 2570 2571 2572 2573 2574 2575 2576 2577 2578 2579 2580 2581 2582 2583 2584 2585 2586 2587 2588 2589 2590 2591 2592 2593 2594 2595 2596 2597 2598 2599 2600 2601 2602 2603 2604 2605 2606 2607 2608 2609 2610 2611 2612 2613 2614 2615 2616 2617 2618 2619 2620 2621 2622 2623 2624 2625 2626 2627 2628 2629 2630 2631 2632 2633 2634 2635 2636 2637 2638 2639 2640 2641 2642 2643 2644 2645 2646 2647 2648 2649 2650 2651 2652 2653 2654 2655 2656 2657 2658 2659 2660 2661 2662 2663 2664 2665 2666 2667 2668 2669 2670 2671 2672 2673 2674 2675 2676 2677 2678 2679 2680 2681 2682 2683 2684 2685 2686 2687 2688 2689 2690 2691 2692 2693 2694 2695 2696 2697 2698 2699 2700 2701 2702 2703 2704 2705 2706 2707 2708 2709 2710 2711 2712 2713 2714 2715 2716 2717 2718 2719 2720 2721 2722 2723 2724 2725 2726 2727 2728 2729 2730 2731 2732 2733 2734 2735 2736 2737 2738 2739 2740 2741 2742 2743 2744 2745 2746 2747 2748 2749 2750 2751 2752 2753 2754 2755 2756 2757 2758 2759 2760 2761 2762 2763 2764 2765 2766 2767 2768 2769 2770 2771 2772 2773 2774 2775 2776 2777 2778 2779 2780 2781 2782 2783 2784 2785 2786 2787 2788 2789 2790 2791 2792 2793 2794 2795 2796 2797 2798 2799 2800 2801 2802 2803 2804 2805 2806 2807 2808 2809 2810 2811 2812 2813 2814 2815 2816 2817 2818 2819 2820 2821 2822 2823 2824 2825 2826 2827 2828 2829 2830 2831 2832 2833 2834 2835 2836 2837 2838 2839 2840 2841 2842 2843 2844 2845 2846 2847 2848 2849 2850 2851 2852 2853 2854 2855 2856 2857 2858 2859 2860 2861 2862 2863 2864 2865 2866 2867 2868 2869 2870 2871 2872 2873 2874 2875 2876 2877 2878 2879 2880 2881 2882 2883 2884 2885 2886 2887 2888 2889 2890 2891 2892 2893 2894 2895 2896 2897 2898 2899 2900 2901 2902 2903 2904 2905 2906 2907 2908 2909 2910 2911 2912 2913 2914 2915 2916 2917 2918 2919 2920 2921 2922 2923 2924 2925 2926 2927 2928 2929 2930 2931 2932 2933 2934 2935 2936 2937 2938 2939 2940 2941 2942 2943 2944 2945 2946 2947 2948 2949 2950 2951 2952 2953 2954 2955 2956 2957 2958 2959 2960 2961 2962 2963 2964 2965 2966 2967 2968 2969 2970 2971 2972 2973 2974 2975 2976 2977 2978 2979 2980 2981 2982 2983 2984 2985 2986 2987 2988 2989 2990 2991 2992 2993 2994 2995 2996 2997 2998 2999 3000 3001 3002 3003 3004 3005 3006 3007 3008 3009 3010 3011 3012 3013 3014 3015 3016 3017 3018 3019 3020 3021 3022 3023 3024 3025 3026 3027 3028 3029 3030 3031 3032 3033 3034 3035 3036 3037 3038 3039 3040 3041 3042 3043 3044 3045 3046 3047 3048 3049 3050 3051 3052 3053 3054 3055 3056 3057 3058 3059 3060 3061 3062 3063 3064 3065 3066 3067 3068 3069 3070 3071 3072 3073 3074 3075 3076 3077 3078 3079 3080 3081 3082 3083 3084 3085 3086 3087 3088 3089 3090 3091 3092 3093 3094 3095 3096 3097 3098 3099 3100 3101 3102 3103 3104 3105 3106 3107 3108 3109 3110 3111 3112 3113 3114 3115 3116 3117 3118 3119 3120 3121 3122 3123 3124 3125 3126 3127 3128 3129 3130 3131 3132 3133 3134 3135 3136 3137 3138 3139 3140 3141 3142 3143 3144 3145 3146 3147 3148 3149 3150 3151 3152 3153 3154 3155 3156 3157 3158 3159 3160 3161 3162 3163 3164 3165 3166 3167 3168 3169 3170 3171 3172 3173 3174 3175 3176 3177 3178 3179 3180 3181 3182 3183 3184 3185 3186 3187 3188 3189 3190 3191 3192 3193 3194 3195 3196 3197 3198 3199 3200 3201 3202 3203 3204 3205 3206 3207 3208 3209 3210 3211 3212 3213 3214 3215 3216 3217 3218 3219 3220 3221 3222 3223 3224 3225 3226 3227 3228 3229 3230 3231 3232 3233 3234 3235 3236 3237 3238 3239 3240 3241 3242 3243 3244 3245 3246 3247 3248 3249 3250 3251 3252 3253 3254 3255 3256 3257 3258 3259 3260 3261 3262 3263 3264 3265 3266 3267 3268 3269 3270 3271 3272 3273 3274 3275 3276 3277 3278 3279 3280 3281 3282 3283 3284 3285 3286 3287 3288 3289 3290 3291 3292 3293 3294 3295 3296 3297 3298 3299 3300 3301 3302 3303 3304 3305 3306 3307 3308 3309 3310 3311 3312 3313 3314 3315 3316 3317 3318 3319 3320 3321 3322 3323 3324 3325 3326 3327 3328 3329 3330 3331 3332 3333 3334 3335 3336 3337 3338 3339 3340 3341 3342 3343 3344 3345 3346 3347 3348 3349 3350 3351 3352 3353 3354 3355 3356 3357 3358 3359 3360 3361 3362 3363 3364 3365 3366 3367 3368 3369 3370 3371 3372 3373 3374 3375 3376 3377 3378 3379 3380 3381 3382 3383 3384 3385 3386 3387 3388 3389 3390 3391 3392 3393 3394 3395 3396 3397 3398 3399 3400 3401 3402 3403 3404 3405 3406 3407 3408 3409 3410 3411 3412 3413 3414 3415 3416 3417 3418 3419 3420 3421 3422 3423 3424 3425 3426 3427 3428 3429 3430 3431 3432 3433 3434 3435 3436 3437 3438 3439 3440 3441 3442 3443 3444 3445 3446 3447 3448 3449 3450 3451 3452 3453 3454 3455 0 0 0 0 0 0 0 0 0 0 0 0 0 0 0 0 0 0 0 0 0 0 0 0 0 0 0 0 0 0 0 0 0 0 0 0 0 0 0 0 0 0 0 0 0 0 0 0 0 0 0 0 0 0 0 0 0 0 0 0 0 0 0 0 0 0 0 0 0 0 0 0 0 0 0 0 0 0 0 0 0 0 0 0 0 0 0 0 0 0 0 0 0 0 0 0 0 0 0 0 0 0 0 0 0 0 0 0 0 0 0 0 0 0 0 0 0 0 0 0 0 0 0 0 0 0 0 0 0 0 0 0 0 0 0 0 0 0 0 0 0 0 0 0 0 0 0 0 0 0 0 0 0 0 0 0 0 0 0 0 0 0 0 0 0 0 0 0 0 0 0 0 0 0 0 0 0 0 0 0 0 0 0 0 0 0 0 0 0 0 0 0 0 0 0 0 0 0 0 0 0 0 0 0 0 0 0 0 0 0 0 0 0 0 0 0 0 0 0 0 0 0 0 0 0 0 0 0 0 0 0 0 0 0 0 0 0 0 0 0 0 0 0 0 0 0 0 0 0 0 0 0 0 0 0 0 0 0 0 0 0 0 0 0 0 0 0 0 0 0 0 0 0 0 0 0 0 0 0 0 0 0 0 0 0 0 0 0 0 0 0 0 0 0 0 0 0 0 0 0 0 0 0 0 0 0 0 0 0 0 0 0 0 0 0 0 0 0 0 0 0 0 0 0 0 0 0 0 0 0 0 0 0 0 0 0 0 0 0 0 0 0 0 0 0 0 0 0 0 0 0 0 0 0 0 0 0 0 0 0 0 0 0 0 0 0 0 0 0 0 0 0 0 0 0 0 0 0 0 0 0 0 0 0 0 0 0 0 0 0 0 0 0 0 0 0 0 0 0 0 0 0 0 0 0 0 0 0 0 0 0 0 0 0 0 0 0 0 0 0 0 0 0 0 0 0 0 0 0 0 0 0 0 0 0 0 0 0 0 0 0 0 0 0 0 0 0 0 0 0 0 0 0 0 0 0 0 0 0 0 0 0 0 0 0 0 0 0 0 0 0 0 0 0 0 0 0 0 0 0 0 0 0 0 0 0 0 0 0 0 0 0 0 0 0 0 0 0 0 0 0 0 0 0 0 0 0 0 0 0 0 0 0 0 0 0 0 0 0 0 0 0 0 0 0 0 0 0 0 0 0 0 0 0 0 0 0 0 0 0 0 0 0 0 0 0 0 0 0 0 0 0 0 0 0 0 0 0 0 0 0 0 0 0 0 0 0 0 0 0 0 0 0 0 0 0 0 0 0 0 0 0 0 0 0 0 0 0 0 0 0 0 0 0 0 0 0 0 0 0 0 0 0 0 0 0 0 0 0 0 0 0 0 0 0 0 0 0 0 0 0 0 0 0 0 0 0 0 0 0 0 0 0 0 0 0 0 0 0 0 0 0 0 0 0 0 0 0 0 0 0 0 0 0 0 0 0 0 0 0 0 0 0 0 0 0 0 0 0 0 0 0 0 0 0 0 0 0 0 0 0 0 0 0 0 0 0 0 0 0 0 0 0 0 0 0 0 0 0 0 0 0 0 0 0 0 0 0 0 0 0 0 0 0 0 0 0 0 0 0 0 0 0 0 0 0 0 0 0 0 0 0 0 0 0 0 0 0 0 0 0 0 0 0 0 0 0 0 0 0 0 0 0 0 0 0 0 0 0 0 0 0 0 0 0 0 0 0 0 0 0 0 0 0 0 0 0 0 0 0 0 0 0 0 0 0 0 0 0 0 0 0 0 0 0 0 0 0 0 0 0 0 0 0 0 0 0 0 0 0 0 0 0 0 0 0 0 0 0 0 0 0 0 0 0 0 0 0 0 0 0 0 0 0 0 0 0 0 0 0 0 0 0 0 0 0 0 0 0 0 0 0 0 0 0 0 0 0 0 0 0 0 0 0 0 0 0 0 0 0 0 0 0 0 0 0 0 0 0 0 0 0 0 0 0 0 0 0 0 0 0 0 0 0 0 0 0 0 0 0 0 0 0 0 0 0 0 0 0 0 0 0 0 0 0 0 0 0 0 0 0 0 0 0 0 0 0 0 0 0 0 0 0 0 0 0 0 0 0 0 0 0 0 0 0 0 0 0 0 0 0 0 0 0 0 0 0 0 0 0 0 0 0 0 0 0 0 0 0 0 0 0 0 0 0 0 0 0 0 0 0 0 0 0 0 0 0 0 0 0 0 0 0 0 0 0 0 0 0 0 0 0 0 0 0 0 0 0 0 0 0 0 0 0 0 0 0 0 0 0 0 0 0 0 0 0 0 0 0 0 0 0 0 0 0 0 0 0 0 0 0 0 0 0 0 0 0 0 0 0 0 0 0 0 0 0 0 0 0 0 0 0 0 0 0 0 0 0 0 0 0 0 0 0 0 0 0 0 0 0 0 0 0 0 0 0 0 0 0 0 0 0 0 0 0 0 0 0 0 0 0 0 0 0 0 0 0 0 0 0 0 0 0 0 0 0 0 0 0 0 0 0 0 0 0 0 0 0 0 0 0 0 0 0 0 0 0 0 0 0 0 0 0 0 0 0 0 0 0 0 0 0 3456 3457 3458 3459 3460 3461 3462 3463 3464 3465 3466 3467 3468 3469 3470 3471 3472 3473 3474 3475 3476 3477 3478 3479 3480 3481 3482 3483 3484 3485 3486 3487 3488 3489 3490 3491 3492 3493 3494 3495 3496 3497 3498 3499 3500 3501 3502 3503 3504 3505 3506 3507 3508 3509 3510 3511 3512 3513 3514 3515 3516 3517 3518 3519 3520 3521 3522 3523 3524 3525 3526 3527 3528 3529 3530 3531 3532 3533 3534 3535 3536 3537 3538 3539 3540 3541 3542 3543 3544 3545 3546 3547 3548 3549 3550 3551 3552 3553 3554 3555 3556 3557 3558 3559 3560 3561 3562 3563 3564 3565 3566 3567 3568 3569 3570 3571 3572 3573 3574 3575 3576 3577 3578 3579 3580 3581 3582 3583 3584 3585 3586 3587 3588 3589 3590 3591 3592 3593 3594 3595 3596 3597 3598 3599 3600 3601 3602 3603 3604 3605 3606 3607 3608 3609 3610 3611 3612 3613 3614 3615 3616 3617 3618 3619 3620 3621 3622 3623 3624 3625 3626 3627 3628 3629 3630 3631 3632 3633 3634 3635 3636 3637 3638 3639 3640 3641 3642 3643 3644 3645 3646 3647 3648 3649 3650 3651 3652 3653 3654 3655 3656 3657 3658 3659 3660 3661 3662 3663 3664 3665 3666 3667 3668 3669 3670 3671 3672 3673 3674 3675 3676 3677 3678 3679 3680 3681 3682 3683 3684 3685 3686 3687 3688 3689 3690 3691 3692 3693 3694 3695 3696 3697 3698 3699 3700 3701 3702 3703 3704 3705 3706 3707 3708 3709 3710 3711 3712 3713 3714 3715 3716 3717 3718 3719 3720 3721 3722 3723 3724 3725 3726 3727 3728 3729 3730 3731 3732 3733 3734 3735 3736 3737 3738 3739 3740 3741 3742 3743 3744 3745 3746 3747 3748 3749 3750 3751 3752 3753 3754 3755 3756 3757 3758 3759 3760 3761 3762 3763 3764 3765 3766 3767 3768 3769 3770 3771 3772 3773 3774 3775 3776 3777 3778 3779 3780 3781 3782 3783 3784 3785 3786 3787 3788 3789 3790 3791 3792 3793 3794 3795 3796 3797 3798 3799 3800 3801 3802 3803 3804 3805 3806 3807 3808 3809 3810 3811 3812 3813 3814 3815 3816 3817 3818 3819 3820 3821 3822 3823 3824 3825 3826 3827 3828 3829 3830 3831 3832 3833 3834 3835 3836 3837 3838 3839 3840 3841 3842 3843 3844 3845 3846 3847 3848 3849 3850 3851 3852 3853 3854 3855 3856 3857 3858 3859 3860 3861 3862 3863 3864 3865 3866 3867 3868 3869 3870 3871 3872 3873 3874 3875 3876 3877 3878 3879 3880 3881 3882 3883 3884 3885 3886 3887 3888 3889 3890 3891 3892 3893 3894 3895 3896 3897 3898 3899 3900 3901 3902 3903 3904 3905 3906 3907 3908 3909 3910 3911 3912 3913 3914 3915 3916 3917 3918 3919 3920 3921 3922 3923 3924 3925 3926 3927 3928 3929 3930 3931 3932 3933 3934 3935 3936 3937 3938 3939 3940 3941 3942 3943 3944 3945 3946 3947 3948 3949 3950 3951 3952 3953 3954 3955 3956 3957 3958 3959 3960 3961 3962 3963 3964 3965 3966 3967 3968 3969 3970 3971 3972 3973 3974 3975 3976 3977 3978 3979 3980 3981 3982 3983 3984 3985 3986 3987 3988 3989 3990 3991 3992 3993 3994 3995 3996 3997 3998 3999 4000 4001 4002 4003 4004 4005 4006 4007 4008 4009 4010 4011 4012 4013 4014 4015 4016 4017 4018 4019 4020 4021 4022 4023 4024 4025 4026 4027 4028 4029 4030 4031 4032 4033 4034 4035 4036 4037 4038 4039 4040 4041 4042 4043 4044 4045 4046 4047 4048 4049 4050 4051 4052 4053 4054 4055 4056 4057 4058 4059 4060 4061 4062 4063 4064 4065 4066 4067 4068 4069 4070 4071 4072 4073 4074 4075 4076 4077 4078 4079 4080 4081 4082 4083 4084 4085 4086 4087 4088 4089 4090 4091 4092 4093 4094 4095 4096 4097 4098 4099 4100 4101 4102 4103 4104 4105 4106 4107 4108 4109 4110 4111 4112 4113 4114 4115 4116 4117 4118 4119 4120 4121 4122 4123 4124 4125 4126 4127 4128 4129 4130 4131 4132 4133 4134 4135 4136 4137 4138 4139 4140 4141 4142 4143 4144 4145 4146 4147 4148 4149 4150 4151 4152 4153 4154 4155 4156 4157 4158 4159 4160 4161 4162 4163 4164 4165 4166 4167 4168 4169 4170 4171 4172 4173 4174 4175 4176 4177 4178 4179 4180 4181 4182 4183 4184 4185 4186 4187 4188 4189 4190 4191 4192 4193 4194 4195 4196 4197 4198 4199 4200 4201 4202 4203 4204 4205 4206 4207 4208 4209 4210 4211 4212 4213 4214 4215 4216 4217 4218 4219 4220 4221 4222 4223 4224 4225 4226 4227 4228 4229 4230 4231 4232 4233 4234 4235 4236 4237 4238 4239 4240 4241 4242 4243 4244 4245 4246 4247 4248 4249 4250 4251 4252 4253 4254 4255 4256 4257 4258 4259 4260 4261 4262 4263 4264 4265 4266 4267 4268 4269 4270 4271 4272 4273 4274 4275 4276 4277 4278 4279 4280 4281 4282 4283 4284 4285 4286 4287 4288 4289 4290 4291 4292 4293 4294 4295 4296 4297 4298 4299 4300 4301 4302 4303 4304 4305 4306 4307 4308 4309 4310 4311 4312 4313 4314 4315 4316 4317 4318 4319 4320 4321 4322 4323 4324 4325 4326 4327 4328 4329 4330 4331 4332 4333 4334 4335 4336 4337 4338 4339 4340 4341 4342 4343 4344 4345 4346 4347 4348 4349 4350 4351 4352 4353 4354 4355 4356 4357 4358 4359 4360 4361 4362 4363 4364 4365 4366 4367 4368 4369 4370 4371 4372 4373 4374 4375 4376 4377 4378 4379 4380 4381 4382 4383 4384 4385 4386 4387 4388 4389 4390 4391 4392 4393 4394 4395 4396 4397 4398 4399 4400 4401 4402 4403 4404 4405 4406 4407 4408 4409 4410 4411 4412 4413 4414 4415 4416 4417 4418 4419 4420 4421 4422 4423 4424 4425 4426 4427 4428 4429 4430 4431 4432 4433 4434 4435 4436 4437 4438 4439 4440 4441 4442 4443 4444 4445 4446 4447 4448 4449 4450 4451 4452 4453 4454 4455 4456 4457 4458 4459 4460 4461 4462 4463 4464 4465 4466 4467 4468 4469 4470 4471 4472 4473 4474 4475 4476 4477 4478 4479 4480 4481 4482 4483 4484 4485 4486 4487 4488 4489 4490 4491 4492 4493 4494 4495 4496 4497 4498 4499 4500 4501 4502 4503 4504 4505 4506 4507 4508 4509 4510 4511 4512 4513 4514 4515 4516 4517 4518 4519 4520 4521 4522 4523 4524 4525 4526 4527 4528 4529 4530 4531 4532 4533 4534 4535 4536 4537 4538 4539 4540 4541 4542 4543 4544 4545 4546 4547 4548 4549 4550 4551 4552 4553 4554 4555 4556 4557 4558 4559 4560 4561 4562 4563 4564 4565 4566 4567 4568 4569 4570 4571 4572 4573 4574 4575 4576 4577 4578 4579 4580 4581 4582 4583 4584 4585 4586 4587 4588 4589 4590 4591 4592 4593 4594 4595 4596 4597 4598 4599 4600 4601 4602 4603 4604 4605 4606 4607 MAND
2 1 0 3456 4608 XOR
2 1 1 3457 4609 XOR
2 1 2 3458 4610 XOR
2 1 3 3459 4611 XOR
2 1 4 3460 4612 XOR
2 1 5 3461 4613 XOR
2 1 6 3462 4614 XOR
2 1 7 3463 4615 XOR
2 1 8 3464 4616 XOR
2 1 9 3465 4617 XOR
2 1 10 3466 4618 XOR
2 1 11 3467 4619 XOR
2 1 12 3468 4620 XOR
2 1 13 3469 4621 XOR
2 1 14 3470 4622 XOR
2 1 15 3471 4623 XOR
2 1 16 3472 4624 XOR
2 1 17 3473 4625 XOR
2 1 18 3474 4626 XOR
2 1 19 3475 4627 XOR
2 1 20 3476 4628 XOR
2 1 21 3477 4629 XOR
2 1 22 3478 4630 XOR
2 1 23 3479 4631 XOR
2 1 24 3480 4632 XOR
2 1 25 3481 4633 XOR
2 1 26 3482 4634 XOR
2 1 27 3483 4635 XOR
2 1 28 3484 4636 XOR
2 1 29 3485 4637 XOR
2 1 30 3486 4638 XOR
2 1 31 3487 4639 XOR
2 1 32 3488 4640 XOR
2 1 33 3489 4641 XOR
2 1 34 3490 4642 XOR
2 1 35 3491 4643 XOR
2 1 36 3492 4644 XOR
2 1 37 3493 4645 XOR
2 1 38 3494 4646 XOR
2 1 39 3495 4647 XOR
2 1 40 3496 4648 XOR
2 1 41 3497 4649 XOR
2 1 42 3498 4650 XOR
2 1 43 3499 4651 XOR
2 1 44 3500 4652 XOR
2 1 45 3501 4653 XOR
2 1 46 3502 4654 XOR
2 1 47 3503 4655 XOR
2 1 48 3504 4656 XOR
2 1 49 3505 4657 XOR
2 1 50 3506 4658 XOR
2 1 51 3507 4659 XOR
2 1 52 3508 4660 XOR
2 1 53 3509 4661 XOR
2 1 54 3510 4662 XOR
2 1 55 3511 4663 XOR
2 1 56 3512 4664 XOR
2 1 57 3513 4665 XOR
2 1 58 3514 4666 XOR
2 1 59 3515 4667 XOR
2 1 60 3516 4668 XOR
2 1 61 3517 4669 XOR
2 1 62 3518 4670 XOR
2 1 63 3519 4671 XOR
2 1 64 3520 4672 XOR
2 1 65 3521 4673 XOR
2 1 66 3522 4674 XOR
2 1 67 3523 4675 XOR
2 1 68 3524 4676 XOR
2 1 69 3525 4677 XOR
2 1 70 3526 4678 XOR
2 1 71 3527 4679 XOR
2 1 72 3528 4680 XOR
2 1 73 3529 4681 XOR
2 1 74 3530 4682 XOR
2 1 75 3531 4683 XOR
2 1 76 3532 4684 XOR
2 1 77 3533 4685 XOR
2 1 78 3534 4686 XOR
2 1 79 3535 4687 XOR
2 1 80 3536 4688 XOR
2 1 81 3537 4689 XOR
2 1 82 3538 4690 XOR
2 1 83 3539 4691 XOR
2 1 84 3540 4692 XOR
2 1 85 3541 4693 XOR
2 1 86 3542 4694 XOR
2 1 87 3543 4695 XOR
2 1 88 3544 4696 XOR
2 1 89 3545 4697 XOR
2 1 90 3546 4698 XOR
2 1 91 3547 4699 XOR
2 1 92 3548 4700 XOR
2 1 93 3549 4701 XOR
2 1 94 3550 4702 XOR
2 1 95 3551 4703 XOR
2 1 96 3552 4704 XOR
2 1 97 3553 4705 XOR
2 1 98 3554 4706 XOR
2 1 99 3555 4707 XOR
2 1 100 3556 4708 XOR
2 1 101 3557 4709 XOR
2 1 102 3558 4710 XOR
2 1 103 3559 4711 XOR
2 1 104 3560 4712 XOR
2 1 105 3561 4713 XOR
2 1 106 3562 4714 XOR
2 1 107 3563 4715 XOR
2 1 108 3564 4716 XOR
2 1 109 3565 4717 XOR
2 1 110 3566 4718 XOR
2 1 111 3567 4719 XOR
2 1 112 3568 4720 XOR
2 1 113 3569 4721 XOR
2 1 114 3570 4722 XOR
2 1 115 3571 4723 XOR
2 1 116 3572 4724 XOR
2 1 117 3573 4725 XOR
2 1 118 3574 4726 XOR
2 1 119 3575 4727 XOR
2 1 120 3576 4728 XOR
2 1 121 3577 4729 XOR
2 1 122 3578 4730 XOR
2 1 123 3579 4731 XOR
2 1 124 3580 4732 XOR
2 1 125 3581 4733 XOR
2 1 126 3582 4734 XOR
2 1 127 3583 4735 XOR
2 1 128 3584 4736 XOR
2 1 129 3585 4737 XOR
2 1 130 3586 4738 XOR
2 1 131 3587 4739 XOR
2 1 132 3588 4740 XOR
2 1 133 3589 4741 XOR
2 1 134 3590 4742 XOR
2 1 135 3591 4743 XOR
2 1 136 3592 4744 XOR
2 1 137 3593 4745 XOR
2 1 138 3594 4746 XOR
2 1 139 3595 4747 XOR
2 1 140 3596 4748 XOR
2 1 141 3597 4749 XOR
2 1 142 3598 4750 XOR
2 1 143 3599 4751 XOR
2 1 144 3600 4752 XOR
2 1 145 3601 4753 XOR
2 1 146 3602 4754 XOR
2 1 147 3603 4755 XOR
2 1 148 3604 4756 XOR
2 1 149 3605 4757 XOR
2 1 150 3606 4758 XOR
2 1 151 3607 4759 XOR
2 1 152 3608 4760 XOR
2 1 153 3609 4761 XOR
2 1 154 3610 4762 XOR
2 1 155 3611 4763 XOR
2 1 156 3612 4764 XOR
2 1 157 3613 4765 XOR
2 1 158 3614 4766 XOR
2 1 159 3615 4767 XOR
2 1 160 3616 4768 XOR
2 1 161 3617 4769 XOR
2 1 162 3618 4770 XOR
2 1 163 3619 4771 XOR
2 1 164 3620 4772 XOR
2 1 165 3621 4773 XOR
2 1 166 3622 4774 XOR
2 1 167 3623 4775 XOR
2 1 168 3624 4776 XOR
2 1 169 3625 4777 XOR
2 1 170 3626 4778 XOR
2 1 171 3627 4779 XOR
2 1 172 3628 4780 XOR
2 1 173 3629 4781 XOR
2 1 174 3630 4782 XOR
2 1 175 3631 4783 XOR
2 1 176 3632 4784 XOR
2 1 177 3633 4785 XOR
2 1 178 3634 4786 XOR
2 1 179 3635 4787 XOR
2 1 180 3636 4788 XOR
2 1 181 3637 4789 XOR
2 1 182 3638 4790 XOR
2 1 183 3639 4791 XOR
2 1 184 3640 4792 XOR
2 1 185 3641 4793 XOR
2 1 186 3642 4794 XOR
2 1 187 3643 4795 XOR
2 1 188 3644 4796 XOR
2 1 189 3645 4797 XOR
2 1 190 3646 4798 XOR
2 1 191 3647 4799 XOR
2 1 192 3648 4800 XOR
2 1 193 3649 4801 XOR
2 1 194 3650 4802 XOR
2 1 195 3651 4803 XOR
2 1 196 3652 4804 XOR
2 1 197 3653 4805 XOR
2 1 198 3654 4806 XOR
2 1 199 3655 4807 XOR
2 1 200 3656 4808 XOR
2 1 201 3657 4809 XOR
2 1 202 3658 4810 XOR
2 1 203 3659 4811 XOR
2 1 204 3660 4812 XOR
2 1 205 3661 4813 XOR
2 1 206 3662 4814 XOR
2 1 207 3663 4815 XOR
2 1 208 3664 4816 XOR
2 1 209 3665 4817 XOR
2 1 210 3666 4818 XOR
2 1 211 3667 4819 XOR
2 1 212 3668 4820 XOR
2 1 213 3669 4821 XOR
2 1 214 3670 4822 XOR
2 1 215 3671 4823 XOR
2 1 216 3672 4824 XOR
2 1 217 3673 4825 XOR
2 1 218 3674 4826 XOR
2 1 219 3675 4827 XOR
2 1 220 3676 4828 XOR
2 1 221 3677 4829 XOR
2 1 222 3678 4830 XOR
2 1 223 3679 4831 XOR
2 1 224 3680 4832 XOR
2 1 225 3681 4833 XOR
2 1 226 3682 4834 XOR
2 1 227 3683 4835 XOR
2 1 228 3684 4836 XOR
2 1 229 3685 4837 XOR
2 1 230 3686 4838 XOR
2 1 231 3687 4839 XOR
2 1 232 3688 4840 XOR
2 1 233 3689 4841 XOR
2 1 234 3690 4842 XOR
2 1 235 3691 4843 XOR
2 1 236 3692 4844 XOR
2 1 237 3693 4845 XOR
2 1 238 3694 4846 XOR
2 1 239 3695 4847 XOR
2 1 240 3696 4848 XOR
2 1 241 3697 4849 XOR
2 1 242 3698 4850 XOR
2 1 243 3699 4851 XOR
2 1 244 3700 4852 XOR
2 1 245 3701 4853 XOR
2 1 246 3702 4854 XOR
2 1 247 3703 4855 XOR
2 1 248 3704 4856 XOR
2 1 249 3705 4857 XOR
2 1 250 3706 4858 XOR
2 1 251 3707 4859 XOR
2 1 252 3708 4860 XOR
2 1 253 3709 4861 XOR
2 1 254 3710 4862 XOR
2 1 255 3711 4863 XOR
2 1 256 3712 4864 XOR
2 1 257 3713 4865 XOR
2 1 258 3714 4866 XOR
2 1 259 3715 4867 XOR
2 1 260 3716 4868 XOR
2 1 261 3717 4869 XOR
2 1 262 3718 4870 XOR
2 1 263 3719 4871 XOR
2 1 264 3720 4872 XOR
2 1 265 3721 4873 XOR
2 1 266 3722 4874 XOR
2 1 267 3723 4875 XOR
2 1 268 3724 4876 XOR
2 1 269 3725 4877 XOR
2 1 270 3726 4878 XOR
2 1 271 3727 4879 XOR
2 1 272 3728 4880 XOR
2 1 273 3729 4881 XOR
2 1 274 3730 4882 XOR
2 1 275 3731 4883 XOR
2 1 276 3732 4884 XOR
2 1 277 3733 4885 XOR
2 1 278 3734 4886 XOR
2 1 279 3735 4887 XOR
2 1 280 3736 4888 XOR
2 1 281 3737 4889 XOR
2 1 282 3738 4890 XOR
2 1 283 3739 4891 XOR
2 1 284 3740 4892 XOR
2 1 285 3741 4893 XOR
2 1 286 3742 4894 XOR
2 1 287 3743 4895 XOR
2 1 288 3744 4896 XOR
2 1 289 3745 4897 XOR
2 1 290 3746 4898 XOR
2 1 291 3747 4899 XOR
2 1 292 3748 4900 XOR
2 1 293 3749 4901 XOR
2 1 294 3750 4902 XOR
2 1 295 3751 4903 XOR
2 1 296 3752 4904 XOR
2 1 297 3753 4905 XOR
2 1 298 3754 4906 XOR
2 1 299 3755 4907 XOR
2 1 300 3756 4908 XOR
2 1 301 3757 4909 XOR
2 1 302 3758 4910 XOR
2 1 303 3759 4911 XOR
2 1 304 3760 4912 XOR
2 1 305 3761 4913 XOR
2 1 306 3762 4914 XOR
2 1 307 3763 4915 XOR
2 1 308 3764 4916 XOR
2 1 309 3765 4917 XOR
2 1 310 3766 4918 XOR
2 1 311 3767 4919 XOR
2 1 312 3768 4920 XOR
2 1 313 3769 4921 XOR
2 1 314 3770 4922 XOR
2 1 315 3771 4923 XOR
2 1 316 3772 4924 XOR
2 1 317 3773 4925 XOR
2 1 318 3774 4926 XOR
2 1 319 3775 4927 XOR
2 1 320 3776 4928 XOR
2 1 321 3777 4929 XOR
2 1 322 3778 4930 XOR
2 1 323 3779 4931 XOR
2 1 324 3780 4932 XOR
2 1 325 3781 4933 XOR
2 1 326 3782 4934 XOR
2 1 327 3783 4935 XOR
2 1 328 3784 4936 XOR
2 1 329 3785 4937 XOR
2 1 330 3786 4938 XOR
2 1 331 3787 4939 XOR
2 1 332 3788 4940 XOR
2 1 333 3789 4941 XOR
2 1 334 3790 4942 XOR
2 1 335 3791 4943 XOR
2 1 336 3792 4944 XOR
2 1 337 3793 4945 XOR
2 1 338 3794 4946 XOR
2 1 339 3795 4947 XOR
2 1 340 3796 4948 XOR
2 1 341 3797 4949 XOR
2 1 342 3798 4950 XOR
2 1 343 3799 4951 XOR
2 1 344 3800 4952 XOR
2 1 345 3801 4953 XOR
2 1 346 3802 4954 XOR
2 1 347 3803 4955 XOR
2 1 348 3804 4956 XOR
2 1 349 3805 4957 XOR
2 1 350 3806 4958 XOR
2 1 351 3807 4959 XOR
2 1 352 3808 4960 XOR
2 1 353 3809 4961 XOR
2 1 354 3810 4962 XOR
2 1 355 3811 4963 XOR
2 1 356 3812 4964 XOR
2 1 357 3813 4965 XOR
2 1 358 3814 4966 XOR
2 1 359 3815 4967 XOR
2 1 360 3816 4968 XOR
2 1 361 3817 4969 XOR
2 1 362 3818 4970 XOR
2 1 363 3819 4971 XOR
2 1 364 3820 4972 XOR
2 1 365 3821 4973 XOR
2 1 366 3822 4974 XOR
2 1 367 3823 4975 XOR
2 1 368 3824 4976 XOR
2 1 369 3825 4977 XOR
2 1 370 3826 4978 XOR
2 1 371 3827 4979 XOR
2 1 372 3828 4980 XOR
2 1 373 3829 4981 XOR
2 1 374 3830 4982 XOR
2 1 375 3831 4983 XOR
2 1 376 3832 4984 XOR
2 1 377 3833 4985 XOR
2 1 378 3834 4986 XOR
2 1 379 3835 4987 XOR
2 1 380 3836 4988 XOR
2 1 381 3837 4989 XOR
2 1 382 3838 4990 XOR
2 1 383 3839 4991 XOR
2 1 384 3840 4992 XOR
2 1 385 3841 4993 XOR
2 1 386 3842 4994 XOR
2 1 387 3843 4995 XOR
2 1 388 3844 4996 XOR
2 1 389 3845 4997 XOR
2 1 390 3846 4998 XOR
2 1 391 3847 4999 XOR
2 1 392 3848 5000 XOR
2 1 393 3849 5001 XOR
2 1 394 3850 5002 XOR
2 1 395 3851 5003 XOR
2 1 396 3852 5004 XOR
2 1 397 3853 5005 XOR
2 1 398 3854 5006 XOR
2 1 399 3855 5007 XOR
2 1 400 3856 5008 XOR
2 1 401 3857 5009 XOR
2 1 402 3858 5010 XOR
2 1 403 3859 5011 XOR
2 1 404 3860 5012 XOR
2 1 405 3861 5013 XOR
2 1 406 3862 5014 XOR
2 1 407 3863 5015 XOR
2 1 408 3864 5016 XOR
2 1 409 3865 5017 XOR
2 1 410 3866 5018 XOR
2 1 411 3867 5019 XOR
2 1 412 3868 5020 XOR
2 1 413 3869 5021 XOR
2 1 414 3870 5022 XOR
2 1 415 3871 5023 XOR
2 1 416 3872 5024 XOR
2 1 417 3873 5025 XOR
2 1 418 3874 5026 XOR
2 1 419 3875 5027 XOR
2 1 420 3876 5028 XOR
2 1 421 3877 5029 XOR
2 1 422 3878 5030 XOR
2 1 423 3879 5031 XOR
2 1 424 3880 5032 XOR
2 1 425 3881 5033 XOR
2 1 426 3882 5034 XOR
2 1 427 3883 5035 XOR
2 1 428 3884 5036 XOR
2 1 429 3885 5037 XOR
2 1 430 3886 5038 XOR
2 1 431 3887 5039 XOR
2 1 432 3888 5040 XOR
2 1 433 3889 5041 XOR
2 1 434 3890 5042 XOR
2 1 435 3891 5043 XOR
2 1 436 3892 5044 XOR
2 1 437 3893 5045 XOR
2 1 438 3894 5046 XOR
2 1 439 3895 5047 XOR
2 1 440 3896 5048 XOR
2 1 441 3897 5049 XOR
2 1 442 3898 5050 XOR
2 1 443 3899 5051 XOR
2 1 444 3900 5052 XOR
2 1 445 3901 5053 XOR
2 1 446 3902 5054 XOR
2 1 447 3903 5055 XOR
2 1 448 3904 5056 XOR
2 1 449 3905 5057 XOR
2 1 450 3906 5058 XOR
2 1 451 3907 5059 XOR
2 1 452 3908 5060 XOR
2 1 453 3909 5061 XOR
2 1 454 3910 5062 XOR
2 1 455 3911 5063 XOR
2 1 456 3912 5064 XOR
2 1 457 3913 5065 XOR
2 1 458 3914 5066 XOR
2 1 459 3915 5067 XOR
2 1 460 3916 5068 XOR
2 1 461 3917 5069 XOR
2 1 462 3918 5070 XOR
2 1 463 3919 5071 XOR
2 1 464 3920 5072 XOR
2 1 465 3921 5073 XOR
2 1 466 3922 5074 XOR
2 1 467 3923 5075 XOR
2 1 468 3924 5076 XOR
2 1 469 3925 5077 XOR
2 1 470 3926 5078 XOR
2 1 471 3927 5079 XOR
2 1 472 3928 5080 XOR
2 1 473 3929 5081 XOR
2 1 474 3930 5082 XOR
2 1 475 3931 5083 XOR
2 1 476 3932 5084 XOR
2 1 477 3933 5085 XOR
2 1 478 3934 5086 XOR
2 1 479 3935 5087 XOR
2 1 480 3936 5088 XOR
2 1 481 3937 5089 XOR
2 1 482 3938 5090 XOR
2 1 483 3939 5091 XOR
2 1 484 3940 5092 XOR
2 1 485 3941 5093 XOR
2 1 486 3942 5094 XOR
2 1 487 3943 5095 XOR
2 1 488 3944 5096 XOR
2 1 489 3945 5097 XOR
2 1 490 3946 5098 XOR
2 1 491 3947 5099 XOR
2 1 492 3948 5100 XOR
2 1 493 3949 5101 XOR
2 1 494 3950 5102 XOR
2 1 495 3951 5103 XOR
2 1 496 3952 5104 XOR
2 1 497 3953 5105 XOR
2 1 498 3954 5106 XOR
2 1 499 3955 5107 XOR
2 1 500 3956 5108 XOR
2 1 501 3957 5109 XOR
2 1 502 3958 5110 XOR
2 1 503 3959 5111 XOR
2 1 504 3960 5112 XOR
2 1 505 3961 5113 XOR
2 1 506 3962 5114 XOR
2 1 507 3963 5115 XOR
2 1 508 3964 5116 XOR
2 1 509 3965 5117 XOR
2 1 510 3966 5118 XOR
2 1 511 3967 5119 XOR
2 1 512 3968 5120 XOR
2 1 513 3969 5121 XOR
2 1 514 3970 5122 XOR
2 1 515 3971 5123 XOR
2 1 516 3972 5124 XOR
2 1 517 3973 5125 XOR
2 1 518 3974 5126 XOR
2 1 519 3975 5127 XOR
2 1 520 3976 5128 XOR
2 1 521 3977 5129 XOR
2 1 522 3978 5130 XOR
2 1 523 3979 5131 XOR
2 1 524 3980 5132 XOR
2 1 525 3981 5133 XOR
2 1 526 3982 5134 XOR
2 1 527 3983 5135 XOR
2 1 528 3984 5136 XOR
2 1 529 3985 5137 XOR
2 1 530 3986 5138 XOR
2 1 531 3987 5139 XOR
2 1 532 3988 5140 XOR
2 1 533 3989 5141 XOR
2 1 534 3990 5142 XOR
2 1 535 3991 5143 XOR
2 1 536 3992 5144 XOR
2 1 537 3993 5145 XOR
2 1 538 3994 5146 XOR
2 1 539 3995 5147 XOR
2 1 540 3996 5148 XOR
2 1 541 3997 5149 XOR
2 1 542 3998 5150 XOR
2 1 543 3999 5151 XOR
2 1 544 4000 5152 XOR
2 1 545 4001 5153 XOR
2 1 546 4002 5154 XOR
2 1 547 4003 5155 XOR
2 1 548 4004 5156 XOR
2 1 549 4005 5157 XOR
2 1 550 4006 5158 XOR
2 1 551 4007 5159 XOR
2 1 552 4008 5160 XOR
2 1 553 4009 5161 XOR
2 1 554 4010 5162 XOR
2 1 555 4011 5163 XOR
2 1 556 4012 5164 XOR
2 1 557 4013 5165 XOR
2 1 558 4014 5166 XOR
2 1 559 4015 5167 XOR
2 1 560 4016 5168 XOR
2 1 561 4017 5169 XOR
2 1 562 4018 5170 XOR
2 1 563 4019 5171 XOR
2 1 564 4020 5172 XOR
2 1 565 4021 5173 XOR
2 1 566 4022 5174 XOR
2 1 567 4023 5175 XOR
2 1 568 4024 5176 XOR
2 1 569 4025 5177 XOR
2 1 570 4026 5178 XOR
2 1 571 4027 5179 XOR
2 1 572 4028 5180 XOR
2 1 573 4029 5181 XOR
2 1 574 4030 5182 XOR
2 1 575 4031 5183 XOR
2 1 576 4032 5184 XOR
2 1 577 4033 5185 XOR
2 1 578 4034 5186 XOR
2 1 579 4035 5187 XOR
2 1 580 4036 5188 XOR
2 1 581 4037 5189 XOR
2 1 582 4038 5190 XOR
2 1 583 4039 5191 XOR
2 1 584 4040 5192 XOR
2 1 585 4041 5193 XOR
2 1 586 4042 5194 XOR
2 1 587 4043 5195 XOR
2 1 588 4044 5196 XOR
2 1 589 4045 5197 XOR
2 1 590 4046 5198 XOR
2 1 591 4047 5199 XOR
2 1 592 4048 5200 XOR
2 1 593 4049 5201 XOR
2 1 594 4050 5202 XOR
2 1 595 4051 5203 XOR
2 1 596 4052 5204 XOR
2 1 597 4053 5205 XOR
2 1 598 4054 5206 XOR
2 1 599 4055 5207 XOR
2 1 600 4056 5208 XOR
2 1 601 4057 5209 XOR
2 1 602 4058 5210 XOR
2 1 603 4059 5211 XOR
2 1 604 4060 5212 XOR
2 1 605 4061 5213 XOR
2 1 606 4062 5214 XOR
2 1 607 4063 5215 XOR
2 1 608 4064 5216 XOR
2 1 609 4065 5217 XOR
2 1 610 4066 5218 XOR
2 1 611 4067 5219 XOR
2 1 612 4068 5220 XOR
2 1 613 4069 5221 XOR
2 1 614 4070 5222 XOR
2 1 615 4071 5223 XOR
2 1 616 4072 5224 XOR
2 1 617 4073 5225 XOR
2 1 618 4074 5226 XOR
2 1 619 4075 5227 XOR
2 1 620 4076 5228 XOR
2 1 621 4077 5229 XOR
2 1 622 4078 5230 XOR
2 1 623 4079 5231 XOR
2 1 624 4080 5232 XOR
2 1 625 4081 5233 XOR
2 1 626 4082 5234 XOR
2 1 627 4083 5235 XOR
2 1 628 4084 5236 XOR
2 1 629 4085 5237 XOR
2 1 630 4086 5238 XOR
2 1 631 4087 5239 XOR
2 1 632 4088 5240 XOR
2 1 633 4089 5241 XOR
2 1 634 4090 5242 XOR
2 1 635 4091 5243 XOR
2 1 636 4092 5244 XOR
2 1 637 4093 5245 XOR
2 1 638 4094 5246 XOR
2 1 639 4095 5247 XOR
2 1 640 4096 5248 XOR
2 1 641 4097 5249 XOR
2 1 642 4098 5250 XOR
2 1 643 4099 5251 XOR
2 1 644 4100 5252 XOR
2 1 645 4101 5253 XOR
2 1 646 4102 5254 XOR
2 1 647 4103 5255 XOR
2 1 648 4104 5256 XOR
2 1 649 4105 5257 XOR
2 1 650 4106 5258 XOR
2 1 651 4107 5259 XOR
2 1 652 4108 5260 XOR
2 1 653 4109 5261 XOR
2 1 654 4110 5262 XOR
2 1 655 4111 5263 XOR
2 1 656 4112 5264 XOR
2 1 657 4113 5265 XOR
2 1 658 4114 5266 XOR
2 1 659 4115 5267 XOR
2 1 660 4116 5268 XOR
2 1 661 4117 5269 XOR
2 1 662 4118 5270 XOR
2 1 663 4119 5271 XOR
2 1 664 4120 5272 XOR
2 1 665 4121 5273 XOR
2 1 666 4122 5274 XOR
2 1 667 4123 5275 XOR
2 1 668 4124 5276 XOR
2 1 669 4125 5277 XOR
2 1 670 4126 5278 XOR
2 1 671 4127 5279 XOR
2 1 672 4128 5280 XOR
2 1 673 4129 5281 XOR
2 1 674 4130 5282 XOR
2 1 675 4131 5283 XOR
2 1 676 4132 5284 XOR
2 1 677 4133 5285 XOR
2 1 678 4134 5286 XOR
2 1 679 4135 5287 XOR
2 1 680 4136 5288 XOR
2 1 681 4137 5289 XOR
2 1 682 4138 5290 XOR
2 1 683 4139 5291 XOR
2 1 684 4140 5292 XOR
2 1 685 4141 5293 XOR
2 1 686 4142 5294 XOR
2 1 687 4143 5295 XOR
2 1 688 4144 5296 XOR
2 1 689 4145 5297 XOR
2 1 690 4146 5298 XOR
2 1 691 4147 5299 XOR
2 1 692 4148 5300 XOR
2 1 693 4149 5301 XOR
2 1 694 4150 5302 XOR
2 1 695 4151 5303 XOR
2 1 696 4152 5304 XOR
2 1 697 4153 5305 XOR
2 1 698 4154 5306 XOR
2 1 699 4155 5307 XOR
2 1 700 4156 5308 XOR
2 1 701 4157 5309 XOR
2 1 702 4158 5310 XOR
2 1 703 4159 5311 XOR
2 1 704 4160 5312 XOR
2 1 705 4161 5313 XOR
2 1 706 4162 5314 XOR
2 1 707 4163 5315 XOR
2 1 708 4164 5316 XOR
2 1 709 4165 5317 XOR
2 1 710 4166 5318 XOR
2 1 711 4167 5319 XOR
2 1 712 4168 5320 XOR
2 1 713 4169 5321 XOR
2 1 714 4170 5322 XOR
2 1 715 4171 5323 XOR
2 1 716 4172 5324 XOR
2 1 717 4173 5325 XOR
2 1 718 4174 5326 XOR
2 1 719 4175 5327 XOR
2 1 720 4176 5328 XOR
2 1 721 4177 5329 XOR
2 1 722 4178 5330 XOR
2 1 723 4179 5331 XOR
2 1 724 4180 5332 XOR
2 1 725 4181 5333 XOR
2 1 726 4182 5334 XOR
2 1 727 4183 5335 XOR
2 1 728 4184 5336 XOR
2 1 729 4185 5337 XOR
2 1 730 4186 5338 XOR
2 1 731 4187 5339 XOR
2 1 732 4188 5340 XOR
2 1 733 4189 5341 XOR
2 1 734 4190 5342 XOR
2 1 735 4191 5343 XOR
2 1 736 4192 5344 XOR
2 1 737 4193 5345 XOR
2 1 738 4194 5346 XOR
2 1 739 4195 5347 XOR
2 1 740 4196 5348 XOR
2 1 741 4197 5349 XOR
2 1 742 4198 5350 XOR
2 1 743 4199 5351 XOR
2 1 744 4200 5352 XOR
2 1 745 4201 5353 XOR
2 1 746 4202 5354 XOR
2 1 747 4203 5355 XOR
2 1 748 4204 5356 XOR
2 1 749 4205 5357 XOR
2 1 750 4206 5358 XOR
2 1 751 4207 5359 XOR
2 1 752 4208 5360 XOR
2 1 753 4209 5361 XOR
2 1 754 4210 5362 XOR
2 1 755 4211 5363 XOR
2 1 756 4212 5364 XOR
2 1 757 4213 5365 XOR
2 1 758 4214 5366 XOR
2 1 759 4215 5367 XOR
2 1 760 4216 5368 XOR
2 1 761 4217 5369 XOR
2 1 762 4218 5370 XOR
2 1 763 4219 5371 XOR
2 1 764 4220 5372 XOR
2 1 765 4221 5373 XOR
2 1 766 4222 5374 XOR
2 1 767 4223 5375 XOR
2 1 768 4224 5376 XOR
2 1 769 4225 5377 XOR
2 1 770 4226 5378 XOR
2 1 771 4227 5379 XOR
2 1 772 4228 5380 XOR
2 1 773 4229 5381 XOR
2 1 774 4230 5382 XOR
2 1 775 4231 5383 XOR
2 1 776 4232 5384 XOR
2 1 777 4233 5385 XOR
2 1 778 4234 5386 XOR
2 1 779 4235 5387 XOR
2 1 780 4236 5388 XOR
2 1 781 4237 5389 XOR
2 1 782 4238 5390 XOR
2 1 783 4239 5391 XOR
2 1 784 4240 5392 XOR
2 1 785 4241 5393 XOR
2 1 786 4242 5394 XOR
2 1 787 4243 5395 XOR
2 1 788 4244 5396 XOR
2 1 789 4245 5397 XOR
2 1 790 4246 5398 XOR
2 1 791 4247 5399 XOR
2 1 792 4248 5400 XOR
2 1 793 4249 5401 XOR
2 1 794 4250 5402 XOR
2 1 795 4251 5403 XOR
2 1 796 4252 5404 XOR
2 1 797 4253 5405 XOR
2 1 798 4254 5406 XOR
2 1 799 4255 5407 XOR
2 1 800 4256 5408 XOR
2 1 801 4257 5409 XOR
2 1 802 4258 5410 XOR
2 1 803 4259 5411 XOR
2 1 804 4260 5412 XOR
2 1 805 4261 5413 XOR
2 1 806 4262 5414 XOR
2 1 807 4263 5415 XOR
2 1 808 4264 5416 XOR
2 1 809 4265 5417 XOR
2 1 810 4266 5418 XOR
2 1 811 4267 5419 XOR
2 1 812 4268 5420 XOR
2 1 813 4269 5421 XOR
2 1 814 4270 5422 XOR
2 1 815 4271 5423 XOR
2 1 816 4272 5424 XOR
2 1 817 4273 5425 XOR
2 1 818 4274 5426 XOR
2 1 819 4275 5427 XOR
2 1 820 4276 5428 XOR
2 1 821 4277 5429 XOR
2 1 822 4278 5430 XOR
2 1 823 4279 5431 XOR
2 1 824 4280 5432 XOR
2 1 825 4281 5433 XOR
2 1 826 4282 5434 XOR
2 1 827 4283 5435 XOR
2 1 828 4284 5436 XOR
2 1 829 4285 5437 XOR
2 1 830 4286 5438 XOR
2 1 831 4287 5439 XOR
2 1 832 4288 5440 XOR
2 1 833 4289 5441 XOR
2 1 834 4290 5442 XOR
2 1 835 4291 5443 XOR
2 1 836 4292 5444 XOR
2 1 837 4293 5445 XOR
2 1 838 4294 5446 XOR
2 1 839 4295 5447 XOR
2 1 840 4296 5448 XOR
2 1 841 4297 5449 XOR
2 1 842 4298 5450 XOR
2 1 843 4299 5451 XOR
2 1 844 4300 5452 XOR
2 1 845 4301 5453 XOR
2 1 846 4302 5454 XOR
2 1 847 4303 5455 XOR
2 1 848 4304 5456 XOR
2 1 849 4305 5457 XOR
2 1 850 4306 5458 XOR
2 1 851 4307 5459 XOR
2 1 852 4308 5460 XOR
2 1 853 4309 5461 XOR
2 1 854 4310 5462 XOR
2 1 855 4311 5463 XOR
2 1 856 4312 5464 XOR
2 1 857 4313 5465 XOR
2 1 858 4314 5466 XOR
2 1 859 4315 5467 XOR
2 1 860 4316 5468 XOR
2 1 861 4317 5469 XOR
2 1 862 4318 5470 XOR
2 1 863 4319 5471 XOR
2 1 864 4320 5472 XOR
2 1 865 4321 5473 XOR
2 1 866 4322 5474 XOR
2 1 867 4323 5475 XOR
2 1 868 4324 5476 XOR
2 1 869 4325 5477 XOR
2 1 870 4326 5478 XOR
2 1 871 4327 5479 XOR
2 1 872 4328 5480 XOR
2 1 873 4329 5481 XOR
2 1 874 4330 5482 XOR
2 1 875 4331 5483 XOR
2 1 876 4332 5484 XOR
2 1 877 4333 5485 XOR
2 1 878 4334 5486 XOR
2 1 879 4335 5487 XOR
2 1 880 4336 5488 XOR
2 1 881 4337 5489 XOR
2 1 882 4338 5490 XOR
2 1 883 4339 5491 XOR
2 1 884 4340 5492 XOR
2 1 885 4341 5493 XOR
2 1 886 4342 5494 XOR
2 1 887 4343 5495 XOR
2 1 888 4344 5496 XOR
2 1 889 4345 5497 XOR
2 1 890 4346 5498 XOR
2 1 891 4347 5499 XOR
2 1 892 4348 5500 XOR
2 1 893 4349 5501 XOR
2 1 894 4350 5502 XOR
2 1 895 4351 5503 XOR
2 1 896 4352 5504 XOR
2 1 897 4353 5505 XOR
2 1 898 4354 5506 XOR
2 1 899 4355 5507 XOR
2 1 900 4356 5508 XOR
2 1 901 4357 5509 XOR
2 1 902 4358 5510 XOR
2 1 903 4359 5511 XOR
2 1 904 4360 5512 XOR
2 1 905 4361 5513 XOR
2 1 906 4362 5514 XOR
2 1 907 4363 5515 XOR
2 1 908 4364 5516 XOR
2 1 909 4365 5517 XOR
2 1 910 4366 5518 XOR
2 1 911 4367 5519 XOR
2 1 912 4368 5520 XOR
2 1 913 4369 5521 XOR
2 1 914 4370 5522 XOR
2 1 915 4371 5523 XOR
2 1 916 4372 5524 XOR
2 1 917 4373 5525 XOR
2 1 918 4374 5526 XOR
2 1 919 4375 5527 XOR
2 1 920 4376 5528 XOR
2 1 921 4377 5529 XOR
2 1 922 4378 5530 XOR
2 1 923 4379 5531 XOR
2 1 924 4380 5532 XOR
2 1 925 4381 5533 XOR
2 1 926 4382 5534 XOR
2 1 927 4383 5535 XOR
2 1 928 4384 5536 XOR
2 1 929 4385 5537 XOR
2 1 930 4386 5538 XOR
2 1 931 4387 5539 XOR
2 1 932 4388 5540 XOR
2 1 933 4389 5541 XOR
2 1 934 4390 5542 XOR
2 1 935 4391 5543 XOR
2 1 936 4392 5544 XOR
2 1 937 4393 5545 XOR
2 1 938 4394 5546 XOR
2 1 939 4395 5547 XOR
2 1 940 4396 5548 XOR
2 1 941 4397 5549 XOR
2 1 942 4398 5550 XOR
2 1 943 4399 5551 XOR
2 1 944 4400 5552 XOR
2 1 945 4401 5553 XOR
2 1 946 4402 5554 XOR
2 1 947 4403 5555 XOR
2 1 948 4404 5556 XOR
2 1 949 4405 5557 XOR
2 1 950 4406 5558 XOR
2 1 951 4407 5559 XOR
2 1 952 4408 5560 XOR
2 1 953 4409 5561 XOR
2 1 954 4410 5562 XOR
2 1 955 4411 5563 XOR
2 1 956 4412 5564 XOR
2 1 957 4413 5565 XOR
2 1 958 4414 5566 XOR
2 1 959 4415 5567 XOR
2 1 960 4416 5568 XOR
2 1 961 4417 5569 XOR
2 1 962 4418 5570 XOR
2 1 963 4419 5571 XOR
2 1 964 4420 5572 XOR
2 1 965 4421 5573 XOR
2 1 966 4422 5574 XOR
2 1 967 4423 5575 XOR
2 1 968 4424 5576 XOR
2 1 969 4425 5577 XOR
2 1 970 4426 5578 XOR
2 1 971 4427 5579 XOR
2 1 972 4428 5580 XOR
2 1 973 4429 5581 XOR
2 1 974 4430 5582 XOR
2 1 975 4431 5583 XOR
2 1 976 4432 5584 XOR
2 1 977 4433 5585 XOR
2 1 978 4434 5586 XOR
2 1 979 4435 5587 XOR
2 1 980 4436 5588 XOR
2 1 981 4437 5589 XOR
2 1 982 4438 5590 XOR
2 1 983 4439 5591 XOR
2 1 984 4440 5592 XOR
2 1 985 4441 5593 XOR
2 1 986 4442 5594 XOR
2 1 987 4443 5595 XOR
2 1 988 4444 5596 XOR
2 1 989 4445 5597 XOR
2 1 990 4446 5598 XOR
2 1 991 4447 5599 XOR
2 1 992 4448 5600 XOR
2 1 993 4449 5601 XOR
2 1 994 4450 5602 XOR
2 1 995 4451 5603 XOR
2 1 996 4452 5604 XOR
2 1 997 4453 5605 XOR
2 1 998 4454 5606 XOR
2 1 999 4455 5607 XOR
2 1 1000 4456 5608 XOR
2 1 1001 4457 5609 XOR
2 1 1002 4458 5610 XOR
2 1 1003 4459 5611 XOR
2 1 1004 4460 5612 XOR
2 1 1005 4461 5613 XOR
2 1 1006 4462 5614 XOR
2 1 1007 4463 5615 XOR
2 1 1008 4464 5616 XOR
2 1 1009 4465 5617 XOR
2 1 1010 4466 5618 XOR
2 1 1011 4467 5619 XOR
2 1 1012 4468 5620 XOR
2 1 1013 4469 5621 XOR
2 1 1014 4470 5622 XOR
2 1 1015 4471 5623 XOR
2 1 1016 4472 5624 XOR
2 1 1017 4473 5625 XOR
2 1 1018 4474 5626 XOR
2 1 1019 4475 5627 XOR
2 1 1020 4476 5628 XOR
2 1 1021 4477 5629 XOR
2 1 1022 4478 5630 XOR
2 1 1023 4479 5631 XOR
2 1 1024 4480 5632 XOR
2 1 1025 4481 5633 XOR
2 1 1026 4482 5634 XOR
2 1 1027 4483 5635 XOR
2 1 1028 4484 5636 XOR
2 1 1029 4485 5637 XOR
2 1 1030 4486 5638 XOR
2 1 1031 4487 5639 XOR
2 1 1032 4488 5640 XOR
2 1 1033 4489 5641 XOR
2 1 1034 4490 5642 XOR
2 1 1035 4491 5643 XOR
2 1 1036 4492 5644 XOR
2 1 1037 4493 5645 XOR
2 1 1038 4494 5646 XOR
2 1 1039 4495 5647 XOR
2 1 1040 4496 5648 XOR
2 1 1041 4497 5649 XOR
2 1 1042 4498 5650 XOR
2 1 1043 4499 5651 XOR
2 1 1044 4500 5652 XOR
2 1 1045 4501 5653 XOR
2 1 1046 4502 5654 XOR
2 1 1047 4503 5655 XOR
2 1 1048 4504 5656 XOR
2 1 1049 4505 5657 XOR
2 1 1050 4506 5658 XOR
2 1 1051 4507 5659 XOR
2 1 1052 4508 5660 XOR
2 1 1053 4509 5661 XOR
2 1 1054 4510 5662 XOR
2 1 1055 4511 5663 XOR
2 1 1056 4512 5664 XOR
2 1 1057 4513 5665 XOR
2 1 1058 4514 5666 XOR
2 1 1059 4515 5667 XOR
2 1 1060 4516 5668 XOR
2 1 1061 4517 5669 XOR
2 1 1062 4518 5670 XOR
2 1 1063 4519 5671 XOR
2 1 1064 4520 5672 XOR
2 1 1065 4521 5673 XOR
2 1 1066 4522 5674 XOR
2 1 1067 4523 5675 XOR
2 1 1068 4524 5676 XOR
2 1 1069 4525 5677 XOR
2 1 1070 4526 5678 XOR
2 1 1071 4527 5679 XOR
2 1 1072 4528 5680 XOR
2 1 1073 4529 5681 XOR
2 1 1074 4530 5682 XOR
2 1 1075 4531 5683 XOR
2 1 1076 4532 5684 XOR
2 1 1077 4533 5685 XOR
2 1 1078 4534 5686 XOR
2 1 1079 4535 5687 XOR
2 1 1080 4536 5688 XOR
2 1 1081 4537 5689 XOR
2 1 1082 4538 5690 XOR
2 1 1083 4539 5691 XOR
2 1 1084 4540 5692 XOR
2 1 1085 4541 5693 XOR
2 1 1086 4542 5694 XOR
2 1 1087 4543 5695 XOR
2 1 1088 4544 5696 XOR
2 1 1089 4545 5697 XOR
2 1 1090 4546 5698 XOR
2 1 1091 4547 5699 XOR
2 1 1092 4548 5700 XOR
2 1 1093 4549 5701 XOR
2 1 1094 4550 5702 XOR
2 1 1095 4551 5703 XOR
2 1 1096 4552 5704 XOR
2 1 1097 4553 5705 XOR
2 1 1098 4554 5706 XOR
2 1 1099 4555 5707 XOR
2 1 1100 4556 5708 XOR
2 1 1101 4557 5709 XOR
2 1 1102 4558 5710 XOR
2 1 1103 4559 5711 XOR
2 1 1104 4560 5712 XOR
2 1 1105 4561 5713 XOR
2 1 1106 4562 5714 XOR
2 1 1107 4563 5715 XOR
2 1 1108 4564 5716 XOR
2 1 1109 4565 5717 XOR
2 1 1110 4566 5718 XOR
2 1 1111 4567 5719 XOR
2 1 1112 4568 5720 XOR
2 1 1113 4569 5721 XOR
2 1 1114 4570 5722 XOR
2 1 1115 4571 5723 XOR
2 1 1116 4572 5724 XOR
2 1 1117 4573 5725 XOR
2 1 1118 4574 5726 XOR
2 1 1119 4575 5727 XOR
2 1 1120 4576 5728 XOR
2 1 1121 4577 5729 XOR
2 1 1122 4578 5730 XOR
2 1 1123 4579 5731 XOR
2 1 1124 4580 5732 XOR
2 1 1125 4581 5733 XOR
2 1 1126 4582 5734 XOR
2 1 1127 4583 5735 XOR
2 1 1128 4584 5736 XOR
2 1 1129 4585 5737 XOR
2 1 1130 4586 5738 XOR
2 1 1131 4587 5739 XOR
2 1 1132 4588 5740 XOR
2 1 1133 4589 5741 XOR
2 1 1134 4590 5742 XOR
2 1 1135 4591 5743 XOR
2 1 1136 4592 5744 XOR
2 1 1137 4593 5745 XOR
2 1 1138 4594 5746 XOR
2 1 1139 4595 5747 XOR
2 1 1140 4596 5748 XOR
2 1 1141 4597 5749 XOR
2 1 1142 4598 5750 XOR
2 1 1143 4599 5751 XOR
2 1 1144 4600 5752 XOR
2 1 1145 4601 5753 XOR
2 1 1146 4602 5754 XOR
2 1 1147 4603 5755 XOR
2 1 1148 4604 5756 XOR
2 1 1149 4605 5757 XOR
2 1 1150 4606 5758 XOR
2 1 1151 4607 5759 XOR
2 1 1152 3456 5760 XOR
2 1 1153 3457 5761 XOR
2 1 1154 3458 5762 XOR
2 1 1155 3459 5763 XOR
2 1 1156 3460 5764 XOR
2 1 1157 3461 5765 XOR
2 1 1158 3462 5766 XOR
2 1 1159 3463 5767 XOR
2 1 1160 3464 5768 XOR
2 1 1161 3465 5769 XOR
2 1 1162 3466 5770 XOR
2 1 1163 3467 5771 XOR
2 1 1164 3468 5772 XOR
2 1 1165 3469 5773 XOR
2 1 1166 3470 5774 XOR
2 1 1167 3471 5775 XOR
2 1 1168 3472 5776 XOR
2 1 1169 3473 5777 XOR
2 1 1170 3474 5778 XOR
2 1 1171 3475 5779 XOR
2 1 1172 3476 5780 XOR
2 1 1173 3477 5781 XOR
2 1 1174 3478 5782 XOR
2 1 1175 3479 5783 XOR
2 1 1176 3480 5784 XOR
2 1 1177 3481 5785 XOR
2 1 1178 3482 5786 XOR
2 1 1179 3483 5787 XOR
2 1 1180 3484 5788 XOR
2 1 1181 3485 5789 XOR
2 1 1182 3486 5790 XOR
2 1 1183 3487 5791 XOR
2 1 1184 3488 5792 XOR
2 1 1185 3489 5793 XOR
2 1 1186 3490 5794 XOR
2 1 1187 3491 5795 XOR
2 1 1188 3492 5796 XOR
2 1 1189 3493 5797 XOR
2 1 1190 3494 5798 XOR
2 1 1191 3495 5799 XOR
2 1 1192 3496 5800 XOR
2 1 1193 3497 5801 XOR
2 1 1194 3498 5802 XOR
2 1 1195 3499 5803 XOR
2 1 1196 3500 5804 XOR
2 1 1197 3501 5805 XOR
2 1 1198 3502 5806 XOR
2 1 1199 3503 5807 XOR
2 1 1200 3504 5808 XOR
2 1 1201 3505 5809 XOR
2 1 1202 3506 5810 XOR
2 1 1203 3507 5811 XOR
2 1 1204 3508 5812 XOR
2 1 1205 3509 5813 XOR
2 1 1206 3510 5814 XOR
2 1 1207 3511 5815 XOR
2 1 1208 3512 5816 XOR
2 1 1209 3513 5817 XOR
2 1 1210 3514 5818 XOR
2 1 1211 3515 5819 XOR
2 1 1212 3516 5820 XOR
2 1 1213 3517 5821 XOR
2 1 1214 3518 5822 XOR
2 1 1215 3519 5823 XOR
2 1 1216 3520 5824 XOR
2 1 1217 3521 5825 XOR
2 1 1218 3522 5826 XOR
2 1 1219 3523 5827 XOR
2 1 1220 3524 5828 XOR
2 1 1221 3525 5829 XOR
2 1 1222 3526 5830 XOR
2 1 1223 3527 5831 XOR
2 1 1224 3528 5832 XOR
2 1 1225 3529 5833 XOR
2 1 1226 3530 5834 XOR
2 1 1227 3531 5835 XOR
2 1 1228 3532 5836 XOR
2 1 1229 3533 5837 XOR
2 1 1230 3534 5838 XOR
2 1 1231 3535 5839 XOR
2 1 1232 3536 5840 XOR
2 1 1233 3537 5841 XOR
2 1 1234 3538 5842 XOR
2 1 1235 3539 5843 XOR
2 1 1236 3540 5844 XOR
2 1 1237 3541 5845 XOR
2 1 1238 3542 5846 XOR
2 1 1239 3543 5847 XOR
2 1 1240 3544 5848 XOR
2 1 1241 3545 5849 XOR
2 1 1242 3546 5850 XOR
2 1 1243 3547 5851 XOR
2 1 1244 3548 5852 XOR
2 1 1245 3549 5853 XOR
2 1 1246 3550 5854 XOR
2 1 1247 3551 5855 XOR
2 1 1248 3552 5856 XOR
2 1 1249 3553 5857 XOR
2 1 1250 3554 5858 XOR
2 1 1251 3555 5859 XOR
2 1 1252 3556 5860 XOR
2 1 1253 3557 5861 XOR
2 1 1254 3558 5862 XOR
2 1 1255 3559 5863 XOR
2 1 1256 3560 5864 XOR
2 1 1257 3561 5865 XOR
2 1 1258 3562 5866 XOR
2 1 1259 3563 5867 XOR
2 1 1260 3564 5868 XOR
2 1 1261 3565 5869 XOR
2 1 1262 3566 5870 XOR
2 1 1263 3567 5871 XOR
2 1 1264 3568 5872 XOR
2 1 1265 3569 5873 XOR
2 1 1266 3570 5874 XOR
2 1 1267 3571 5875 XOR
2 1 1268 3572 5876 XOR
2 1 1269 3573 5877 XOR
2 1 1270 3574 5878 XOR
2 1 1271 3575 5879 XOR
2 1 1272 3576 5880 XOR
2 1 1273 3577 5881 XOR
2 1 1274 3578 5882 XOR
2 1 1275 3579 5883 XOR
2 1 1276 3580 5884 XOR
2 1 1277 3581 5885 XOR
2 1 1278 3582 5886 XOR
2 1 1279 3583 5887 XOR
2 1 1280 3584 5888 XOR
2 1 1281 3585 5889 XOR
2 1 1282 3586 5890 XOR
2 1 1283 3587 5891 XOR
2 1 1284 3588 5892 XOR
2 1 1285 3589 5893 XOR
2 1 1286 3590 5894 XOR
2 1 1287 3591 5895 XOR
2 1 1288 3592 5896 XOR
2 1 1289 3593 5897 XOR
2 1 1290 3594 5898 XOR
2 1 1291 3595 5899 XOR
2 1 1292 3596 5900 XOR
2 1 1293 3597 5901 XOR
2 1 1294 3598 5902 XOR
2 1 1295 3599 5903 XOR
2 1 1296 3600 5904 XOR
2 1 1297 3601 5905 XOR
2 1 1298 3602 5906 XOR
2 1 1299 3603 5907 XOR
2 1 1300 3604 5908 XOR
2 1 1301 3605 5909 XOR
2 1 1302 3606 5910 XOR
2 1 1303 3607 5911 XOR
2 1 1304 3608 5912 XOR
2 1 1305 3609 5913 XOR
2 1 1306 3610 5914 XOR
2 1 1307 3611 5915 XOR
2 1 1308 3612 5916 XOR
2 1 1309 3613 5917 XOR
2 1 1310 3614 5918 XOR
2 1 1311 3615 5919 XOR
2 1 1312 3616 5920 XOR
2 1 1313 3617 5921 XOR
2 1 1314 3618 5922 XOR
2 1 1315 3619 5923 XOR
2 1 1316 3620 5924 XOR
2 1 1317 3621 5925 XOR
2 1 1318 3622 5926 XOR
2 1 1319 3623 5927 XOR
2 1 1320 3624 5928 XOR
2 1 1321 3625 5929 XOR
2 1 1322 3626 5930 XOR
2 1 1323 3627 5931 XOR
2 1 1324 3628 5932 XOR
2 1 1325 3629 5933 XOR
2 1 1326 3630 5934 XOR
2 1 1327 3631 5935 XOR
2 1 1328 3632 5936 XOR
2 1 1329 3633 5937 XOR
2 1 1330 3634 5938 XOR
2 1 1331 3635 5939 XOR
2 1 1332 3636 5940 XOR
2 1 1333 3637 5941 XOR
2 1 1334 3638 5942 XOR
2 1 1335 3639 5943 XOR
2 1 1336 3640 5944 XOR
2 1 1337 3641 5945 XOR
2 1 1338 3642 5946 XOR
2 1 1339 3643 5947 XOR
2 1 1340 3644 5948 XOR
2 1 1341 3645 5949 XOR
2 1 1342 3646 5950 XOR
2 1 1343 3647 5951 XOR
2 1 1344 3648 5952 XOR
2 1 1345 3649 5953 XOR
2 1 1346 3650 5954 XOR
2 1 1347 3651 5955 XOR
2 1 1348 3652 5956 XOR
2 1 1349 3653 5957 XOR
2 1 1350 3654 5958 XOR
2 1 1351 3655 5959 XOR
2 1 1352 3656 5960 XOR
2 1 1353 3657 5961 XOR
2 1 1354 3658 5962 XOR
2 1 1355 3659 5963 XOR
2 1 1356 3660 5964 XOR
2 1 1357 3661 5965 XOR
2 1 1358 3662 5966 XOR
2 1 1359 3663 5967 XOR
2 1 1360 3664 5968 XOR
2 1 1361 3665 5969 XOR
2 1 1362 3666 5970 XOR
2 1 1363 3667 5971 XOR
2 1 1364 3668 5972 XOR
2 1 1365 3669 5973 XOR
2 1 1366 3670 5974 XOR
2 1 1367 3671 5975 XOR
2 1 1368 3672 5976 XOR
2 1 1369 3673 5977 XOR
2 1 1370 3674 5978 XOR
2 1 1371 3675 5979 XOR
2 1 1372 3676 5980 XOR
2 1 1373 3677 5981 XOR
2 1 1374 3678 5982 XOR
2 1 1375 3679 5983 XOR
2 1 1376 3680 5984 XOR
2 1 1377 3681 5985 XOR
2 1 1378 3682 5986 XOR
2 1 1379 3683 5987 XOR
2 1 1380 3684 5988 XOR
2 1 1381 3685 5989 XOR
2 1 1382 3686 5990 XOR
2 1 1383 3687 5991 XOR
2 1 1384 3688 5992 XOR
2 1 1385 3689 5993 XOR
2 1 1386 3690 5994 XOR
2 1 1387 3691 5995 XOR
2 1 1388 3692 5996 XOR
2 1 1389 3693 5997 XOR
2 1 1390 3694 5998 XOR
2 1 1391 3695 5999 XOR
2 1 1392 3696 6000 XOR
2 1 1393 3697 6001 XOR
2 1 1394 3698 6002 XOR
2 1 1395 3699 6003 XOR
2 1 1396 3700 6004 XOR
2 1 1397 3701 6005 XOR
2 1 1398 3702 6006 XOR
2 1 1399 3703 6007 XOR
2 1 1400 3704 6008 XOR
2 1 1401 3705 6009 XOR
2 1 1402 3706 6010 XOR
2 1 1403 3707 6011 XOR
2 1 1404 3708 6012 XOR
2 1 1405 3709 6013 XOR
2 1 1406 3710 6014 XOR
2 1 1407 3711 6015 XOR
2 1 1408 3712 6016 XOR
2 1 1409 3713 6017 XOR
2 1 1410 3714 6018 XOR
2 1 1411 3715 6019 XOR
2 1 1412 3716 6020 XOR
2 1 1413 3717 6021 XOR
2 1 1414 3718 6022 XOR
2 1 1415 3719 6023 XOR
2 1 1416 3720 6024 XOR
2 1 1417 3721 6025 XOR
2 1 1418 3722 6026 XOR
2 1 1419 3723 6027 XOR
2 1 1420 3724 6028 XOR
2 1 1421 3725 6029 XOR
2 1 1422 3726 6030 XOR
2 1 1423 3727 6031 XOR
2 1 1424 3728 6032 XOR
2 1 1425 3729 6033 XOR
2 1 1426 3730 6034 XOR
2 1 1427 3731 6035 XOR
2 1 1428 3732 6036 XOR
2 1 1429 3733 6037 XOR
2 1 1430 3734 6038 XOR
2 1 1431 3735 6039 XOR
2 1 1432 3736 6040 XOR
2 1 1433 3737 6041 XOR
2 1 1434 3738 6042 XOR
2 1 1435 3739 6043 XOR
2 1 1436 3740 6044 XOR
2 1 1437 3741 6045 XOR
2 1 1438 3742 6046 XOR
2 1 1439 3743 6047 XOR
2 1 1440 3744 6048 XOR
2 1 1441 3745 6049 XOR
2 1 1442 3746 6050 XOR
2 1 1443 3747 6051 XOR
2 1 1444 3748 6052 XOR
2 1 1445 3749 6053 XOR
2 1 1446 3750 6054 XOR
2 1 1447 3751 6055 XOR
2 1 1448 3752 6056 XOR
2 1 1449 3753 6057 XOR
2 1 1450 3754 6058 XOR
2 1 1451 3755 6059 XOR
2 1 1452 3756 6060 XOR
2 1 1453 3757 6061 XOR
2 1 1454 3758 6062 XOR
2 1 1455 3759 6063 XOR
2 1 1456 3760 6064 XOR
2 1 1457 3761 6065 XOR
2 1 1458 3762 6066 XOR
2 1 1459 3763 6067 XOR
2 1 1460 3764 6068 XOR
2 1 1461 3765 6069 XOR
2 1 1462 3766 6070 XOR
2 1 1463 3767 6071 XOR
2 1 1464 3768 6072 XOR
2 1 1465 3769 6073 XOR
2 1 1466 3770 6074 XOR
2 1 1467 3771 6075 XOR
2 1 1468 3772 6076 XOR
2 1 1469 3773 6077 XOR
2 1 1470 3774 6078 XOR
2 1 1471 3775 6079 XOR
2 1 1472 3776 6080 XOR
2 1 1473 3777 6081 XOR
2 1 1474 3778 6082 XOR
2 1 1475 3779 6083 XOR
2 1 1476 3780 6084 XOR
2 1 1477 3781 6085 XOR
2 1 1478 3782 6086 XOR
2 1 1479 3783 6087 XOR
2 1 1480 3784 6088 XOR
2 1 1481 3785 6089 XOR
2 1 1482 3786 6090 XOR
2 1 1483 3787 6091 XOR
2 1 1484 3788 6092 XOR
2 1 1485 3789 6093 XOR
2 1 1486 3790 6094 XOR
2 1 1487 3791 6095 XOR
2 1 1488 3792 6096 XOR
2 1 1489 3793 6097 XOR
2 1 1490 3794 6098 XOR
2 1 1491 3795 6099 XOR
2 1 1492 3796 6100 XOR
2 1 1493 3797 6101 XOR
2 1 1494 3798 6102 XOR
2 1 1495 3799 6103 XOR
2 1 1496 3800 6104 XOR
2 1 1497 3801 6105 XOR
2 1 1498 3802 6106 XOR
2 1 1499 3803 6107 XOR
2 1 1500 3804 6108 XOR
2 1 1501 3805 6109 XOR
2 1 1502 3806 6110 XOR
2 1 1503 3807 6111 XOR
2 1 1504 3808 6112 XOR
2 1 1505 3809 6113 XOR
2 1 1506 3810 6114 XOR
2 1 1507 3811 6115 XOR
2 1 1508 3812 6116 XOR
2 1 1509 3813 6117 XOR
2 1 1510 3814 6118 XOR
2 1 1511 3815 6119 XOR
2 1 1512 3816 6120 XOR
2 1 1513 3817 6121 XOR
2 1 1514 3818 6122 XOR
2 1 1515 3819 6123 XOR
2 1 1516 3820 6124 XOR
2 1 1517 3821 6125 XOR
2 1 1518 3822 6126 XOR
2 1 1519 3823 6127 XOR
2 1 1520 3824 6128 XOR
2 1 1521 3825 6129 XOR
2 1 1522 3826 6130 XOR
2 1 1523 3827 6131 XOR
2 1 1524 3828 6132 XOR
2 1 1525 3829 6133 XOR
2 1 1526 3830 6134 XOR
2 1 1527 3831 6135 XOR
2 1 1528 3832 6136 XOR
2 1 1529 3833 6137 XOR
2 1 1530 3834 6138 XOR
2 1 1531 3835 6139 XOR
2 1 1532 3836 6140 XOR
2 1 1533 3837 6141 XOR
2 1 1534 3838 6142 XOR
2 1 1535 3839 6143 XOR
2 1 1536 3840 6144 XOR
2 1 1537 3841 6145 XOR
2 1 1538 3842 6146 XOR
2 1 1539 3843 6147 XOR
2 1 1540 3844 6148 XOR
2 1 1541 3845 6149 XOR
2 1 1542 3846 6150 XOR
2 1 1543 3847 6151 XOR
2 1 1544 3848 6152 XOR
2 1 1545 3849 6153 XOR
2 1 1546 3850 6154 XOR
2 1 1547 3851 6155 XOR
2 1 1548 3852 6156 XOR
2 1 1549 3853 6157 XOR
2 1 1550 3854 6158 XOR
2 1 1551 3855 6159 XOR
2 1 1552 3856 6160 XOR
2 1 1553 3857 6161 XOR
2 1 1554 3858 6162 XOR
2 1 1555 3859 6163 XOR
2 1 1556 3860 6164 XOR
2 1 1557 3861 6165 XOR
2 1 1558 3862 6166 XOR
2 1 1559 3863 6167 XOR
2 1 1560 3864 6168 XOR
2 1 1561 3865 6169 XOR
2 1 1562 3866 6170 XOR
2 1 1563 3867 6171 XOR
2 1 1564 3868 6172 XOR
2 1 1565 3869 6173 XOR
2 1 1566 3870 6174 XOR
2 1 1567 3871 6175 XOR
2 1 1568 3872 6176 XOR
2 1 1569 3873 6177 XOR
2 1 1570 3874 6178 XOR
2 1 1571 3875 6179 XOR
2 1 1572 3876 6180 XOR
2 1 1573 3877 6181 XOR
2 1 1574 3878 6182 XOR
2 1 1575 3879 6183 XOR
2 1 1576 3880 6184 XOR
2 1 1577 3881 6185 XOR
2 1 1578 3882 6186 XOR
2 1 1579 3883 6187 XOR
2 1 1580 3884 6188 XOR
2 1 1581 3885 6189 XOR
2 1 1582 3886 6190 XOR
2 1 1583 3887 6191 XOR
2 1 1584 3888 6192 XOR
2 1 1585 3889 6193 XOR
2 1 1586 3890 6194 XOR
2 1 1587 3891 6195 XOR
2 1 1588 3892 6196 XOR
2 1 1589 3893 6197 XOR
2 1 1590 3894 6198 XOR
2 1 1591 3895 6199 XOR
2 1 1592 3896 6200 XOR
2 1 1593 3897 6201 XOR
2 1 1594 3898 6202 XOR
2 1 1595 3899 6203 XOR
2 1 1596 3900 6204 XOR
2 1 1597 3901 6205 XOR
2 1 1598 3902 6206 XOR
2 1 1599 3903 6207 XOR
2 1 1600 3904 6208 XOR
2 1 1601 3905 6209 XOR
2 1 1602 3906 6210 XOR
2 1 1603 3907 6211 XOR
2 1 1604 3908 6212 XOR
2 1 1605 3909 6213 XOR
2 1 1606 3910 6214 XOR
2 1 1607 3911 6215 XOR
2 1 1608 3912 6216 XOR
2 1 1609 3913 6217 XOR
2 1 1610 3914 6218 XOR
2 1 1611 3915 6219 XOR
2 1 1612 3916 6220 XOR
2 1 1613 3917 6221 XOR
2 1 1614 3918 6222 XOR
2 1 1615 3919 6223 XOR
2 1 1616 3920 6224 XOR
2 1 1617 3921 6225 XOR
2 1 1618 3922 6226 XOR
2 1 1619 3923 6227 XOR
2 1 1620 3924 6228 XOR
2 1 1621 3925 6229 XOR
2 1 1622 3926 6230 XOR
2 1 1623 3927 6231 XOR
2 1 1624 3928 6232 XOR
2 1 1625 3929 6233 XOR
2 1 1626 3930 6234 XOR
2 1 1627 3931 6235 XOR
2 1 1628 3932 6236 XOR
2 1 1629 3933 6237 XOR
2 1 1630 3934 6238 XOR
2 1 1631 3935 6239 XOR
2 1 1632 3936 6240 XOR
2 1 1633 3937 6241 XOR
2 1 1634 3938 6242 XOR
2 1 1635 3939 6243 XOR
2 1 1636 3940 6244 XOR
2 1 1637 3941 6245 XOR
2 1 1638 3942 6246 XOR
2 1 1639 3943 6247 XOR
2 1 1640 3944 6248 XOR
2 1 1641 3945 6249 XOR
2 1 1642 3946 6250 XOR
2 1 1643 3947 6251 XOR
2 1 1644 3948 6252 XOR
2 1 1645 3949 6253 XOR
2 1 1646 3950 6254 XOR
2 1 1647 3951 6255 XOR
2 1 1648 3952 6256 XOR
2 1 1649 3953 6257 XOR
2 1 1650 3954 6258 XOR
2 1 1651 3955 6259 XOR
2 1 1652 3956 6260 XOR
2 1 1653 3957 6261 XOR
2 1 1654 3958 6262 XOR
2 1 1655 3959 6263 XOR
2 1 1656 3960 6264 XOR
2 1 1657 3961 6265 XOR
2 1 1658 3962 6266 XOR
2 1 1659 3963 6267 XOR
2 1 1660 3964 6268 XOR
2 1 1661 3965 6269 XOR
2 1 1662 3966 6270 XOR
2 1 1663 3967 6271 XOR
2 1 1664 3968 6272 XOR
2 1 1665 3969 6273 XOR
2 1 1666 3970 6274 XOR
2 1 1667 3971 6275 XOR
2 1 1668 3972 6276 XOR
2 1 1669 3973 6277 XOR
2 1 1670 3974 6278 XOR
2 1 1671 3975 6279 XOR
2 1 1672 3976 6280 XOR
2 1 1673 3977 6281 XOR
2 1 1674 3978 6282 XOR
2 1 1675 3979 6283 XOR
2 1 1676 3980 6284 XOR
2 1 1677 3981 6285 XOR
2 1 1678 3982 6286 XOR
2 1 1679 3983 6287 XOR
2 1 1680 3984 6288 XOR
2 1 1681 3985 6289 XOR
2 1 1682 3986 6290 XOR
2 1 1683 3987 6291 XOR
2 1 1684 3988 6292 XOR
2 1 1685 3989 6293 XOR
2 1 1686 3990 6294 XOR
2 1 1687 3991 6295 XOR
2 1 1688 3992 6296 XOR
2 1 1689 3993 6297 XOR
2 1 1690 3994 6298 XOR
2 1 1691 3995 6299 XOR
2 1 1692 3996 6300 XOR
2 1 1693 3997 6301 XOR
2 1 1694 3998 6302 XOR
2 1 1695 3999 6303 XOR
2 1 1696 4000 6304 XOR
2 1 1697 4001 6305 XOR
2 1 1698 4002 6306 XOR
2 1 1699 4003 6307 XOR
2 1 1700 4004 6308 XOR
2 1 1701 4005 6309 XOR
2 1 1702 4006 6310 XOR
2 1 1703 4007 6311 XOR
2 1 1704 4008 6312 XOR
2 1 1705 4009 6313 XOR
2 1 1706 4010 6314 XOR
2 1 1707 4011 6315 XOR
2 1 1708 4012 6316 XOR
2 1 1709 4013 6317 XOR
2 1 1710 4014 6318 XOR
2 1 1711 4015 6319 XOR
2 1 1712 4016 6320 XOR
2 1 1713 4017 6321 XOR
2 1 1714 4018 6322 XOR
2 1 1715 4019 6323 XOR
2 1 1716 4020 6324 XOR
2 1 1717 4021 6325 XOR
2 1 1718 4022 6326 XOR
2 1 1719 4023 6327 XOR
2 1 1720 4024 6328 XOR
2 1 1721 4025 6329 XOR
2 1 1722 4026 6330 XOR
2 1 1723 4027 6331 XOR
2 1 1724 4028 6332 XOR
2 1 1725 4029 6333 XOR
2 1 1726 4030 6334 XOR
2 1 1727 4031 6335 XOR
2 1 1728 4032 6336 XOR
2 1 1729 4033 6337 XOR
2 1 1730 4034 6338 XOR
2 1 1731 4035 6339 XOR
2 1 1732 4036 6340 XOR
2 1 1733 4037 6341 XOR
2 1 1734 4038 6342 XOR
2 1 1735 4039 6343 XOR
2 1 1736 4040 6344 XOR
2 1 1737 4041 6345 XOR
2 1 1738 4042 6346 XOR
2 1 1739 4043 6347 XOR
2 1 1740 4044 6348 XOR
2 1 1741 4045 6349 XOR
2 1 1742 4046 6350 XOR
2 1 1743 4047 6351 XOR
2 1 1744 4048 6352 XOR
2 1 1745 4049 6353 XOR
2 1 1746 4050 6354 XOR
2 1 1747 4051 6355 XOR
2 1 1748 4052 6356 XOR
2 1 1749 4053 6357 XOR
2 1 1750 4054 6358 XOR
2 1 1751 4055 6359 XOR
2 1 1752 4056 6360 XOR
2 1 1753 4057 6361 XOR
2 1 1754 4058 6362 XOR
2 1 1755 4059 6363 XOR
2 1 1756 4060 6364 XOR
2 1 1757 4061 6365 XOR
2 1 1758 4062 6366 XOR
2 1 1759 4063 6367 XOR
2 1 1760 4064 6368 XOR
2 1 1761 4065 6369 XOR
2 1 1762 4066 6370 XOR
2 1 1763 4067 6371 XOR
2 1 1764 4068 6372 XOR
2 1 1765 4069 6373 XOR
2 1 1766 4070 6374 XOR
2 1 1767 4071 6375 XOR
2 1 1768 4072 6376 XOR
2 1 1769 4073 6377 XOR
2 1 1770 4074 6378 XOR
2 1 1771 4075 6379 XOR
2 1 1772 4076 6380 XOR
2 1 1773 4077 6381 XOR
2 1 1774 4078 6382 XOR
2 1 1775 4079 6383 XOR
2 1 1776 4080 6384 XOR
2 1 1777 4081 6385 XOR
2 1 1778 4082 6386 XOR
2 1 1779 4083 6387 XOR
2 1 1780 4084 6388 XOR
2 1 1781 4085 6389 XOR
2 1 1782 4086 6390 XOR
2 1 1783 4087 6391 XOR
2 1 1784 4088 6392 XOR
2 1 1785 4089 6393 XOR
2 1 1786 4090 6394 XOR
2 1 1787 4091 6395 XOR
2 1 1788 4092 6396 XOR
2 1 1789 4093 6397 XOR
2 1 1790 4094 6398 XOR
2 1 1791 4095 6399 XOR
2 1 1792 4096 6400 XOR
2 1 1793 4097 6401 XOR
2 1 1794 4098 6402 XOR
2 1 1795 4099 6403 XOR
2 1 1796 4100 6404 XOR
2 1 1797 4101 6405 XOR
2 1 1798 4102 6406 XOR
2 1 1799 4103 6407 XOR
2 1 1800 4104 6408 XOR
2 1 1801 4105 6409 XOR
2 1 1802 4106 6410 XOR
2 1 1803 4107 6411 XOR
2 1 1804 4108 6412 XOR
2 1 1805 4109 6413 XOR
2 1 1806 4110 6414 XOR
2 1 1807 4111 6415 XOR
2 1 1808 4112 6416 XOR
2 1 1809 4113 6417 XOR
2 1 1810 4114 6418 XOR
2 1 1811 4115 6419 XOR
2 1 1812 4116 6420 XOR
2 1 1813 4117 6421 XOR
2 1 1814 4118 6422 XOR
2 1 1815 4119 6423 XOR
2 1 1816 4120 6424 XOR
2 1 1817 4121 6425 XOR
2 1 1818 4122 6426 XOR
2 1 1819 4123 6427 XOR
2 1 1820 4124 6428 XOR
2 1 1821 4125 6429 XOR
2 1 1822 4126 6430 XOR
2 1 1823 4127 6431 XOR
2 1 1824 4128 6432 XOR
2 1 1825 4129 6433 XOR
2 1 1826 4130 6434 XOR
2 1 1827 4131 6435 XOR
2 1 1828 4132 6436 XOR
2 1 1829 4133 6437 XOR
2 1 1830 4134 6438 XOR
2 1 1831 4135 6439 XOR
2 1 1832 4136 6440 XOR
2 1 1833 4137 6441 XOR
2 1 1834 4138 6442 XOR
2 1 1835 4139 6443 XOR
2 1 1836 4140 6444 XOR
2 1 1837 4141 6445 XOR
2 1 1838 4142 6446 XOR
2 1 1839 4143 6447 XOR
2 1 1840 4144 6448 XOR
2 1 1841 4145 6449 XOR
2 1 1842 4146 6450 XOR
2 1 1843 4147 6451 XOR
2 1 1844 4148 6452 XOR
2 1 1845 4149 6453 XOR
2 1 1846 4150 6454 XOR
2 1 1847 4151 6455 XOR
2 1 1848 4152 6456 XOR
2 1 1849 4153 6457 XOR
2 1 1850 4154 6458 XOR
2 1 1851 4155 6459 XOR
2 1 1852 4156 6460 XOR
2 1 1853 4157 6461 XOR
2 1 1854 4158 6462 XOR
2 1 1855 4159 6463 XOR
2 1 1856 4160 6464 XOR
2 1 1857 4161 6465 XOR
2 1 1858 4162 6466 XOR
2 1 1859 4163 6467 XOR
2 1 1860 4164 6468 XOR
2 1 1861 4165 6469 XOR
2 1 1862 4166 6470 XOR
2 1 1863 4167 6471 XOR
2 1 1864 4168 6472 XOR
2 1 1865 4169 6473 XOR
2 1 1866 4170 6474 XOR
2 1 1867 4171 6475 XOR
2 1 1868 4172 6476 XOR
2 1 1869 4173 6477 XOR
2 1 1870 4174 6478 XOR
2 1 1871 4175 6479 XOR
2 1 1872 4176 6480 XOR
2 1 1873 4177 6481 XOR
2 1 1874 4178 6482 XOR
2 1 1875 4179 6483 XOR
2 1 1876 4180 6484 XOR
2 1 1877 4181 6485 XOR
2 1 1878 4182 6486 XOR
2 1 1879 4183 6487 XOR
2 1 1880 4184 6488 XOR
2 1 1881 4185 6489 XOR
2 1 1882 4186 6490 XOR
2 1 1883 4187 6491 XOR
2 1 1884 4188 6492 XOR
2 1 1885 4189 6493 XOR
2 1 1886 4190 6494 XOR
2 1 1887 4191 6495 XOR
2 1 1888 4192 6496 XOR
2 1 1889 4193 6497 XOR
2 1 1890 4194 6498 XOR
2 1 1891 4195 6499 XOR
2 1 1892 4196 6500 XOR
2 1 1893 4197 6501 XOR
2 1 1894 4198 6502 XOR
2 1 1895 4199 6503 XOR
2 1 1896 4200 6504 XOR
2 1 1897 4201 6505 XOR
2 1 1898 4202 6506 XOR
2 1 1899 4203 6507 XOR
2 1 1900 4204 6508 XOR
2 1 1901 4205 6509 XOR
2 1 1902 4206 6510 XOR
2 1 1903 4207 6511 XOR
2 1 1904 4208 6512 XOR
2 1 1905 4209 6513 XOR
2 1 1906 4210 6514 XOR
2 1 1907 4211 6515 XOR
2 1 1908 4212 6516 XOR
2 1 1909 4213 6517 XOR
2 1 1910 4214 6518 XOR
2 1 1911 4215 6519 XOR
2 1 1912 4216 6520 XOR
2 1 1913 4217 6521 XOR
2 1 1914 4218 6522 XOR
2 1 1915 4219 6523 XOR
2 1 1916 4220 6524 XOR
2 1 1917 4221 6525 XOR
2 1 1918 4222 6526 XOR
2 1 1919 4223 6527 XOR
2 1 1920 4224 6528 XOR
2 1 1921 4225 6529 XOR
2 1 1922 4226 6530 XOR
2 1 1923 4227 6531 XOR
2 1 1924 4228 6532 XOR
2 1 1925 4229 6533 XOR
2 1 1926 4230 6534 XOR
2 1 1927 4231 6535 XOR
2 1 1928 4232 6536 XOR
2 1 1929 4233 6537 XOR
2 1 1930 4234 6538 XOR
2 1 1931 4235 6539 XOR
2 1 1932 4236 6540 XOR
2 1 1933 4237 6541 XOR
2 1 1934 4238 6542 XOR
2 1 1935 4239 6543 XOR
2 1 1936 4240 6544 XOR
2 1 1937 4241 6545 XOR
2 1 1938 4242 6546 XOR
2 1 1939 4243 6547 XOR
2 1 1940 4244 6548 XOR
2 1 1941 4245 6549 XOR
2 1 1942 4246 6550 XOR
2 1 1943 4247 6551 XOR
2 1 1944 4248 6552 XOR
2 1 1945 4249 6553 XOR
2 1 1946 4250 6554 XOR
2 1 1947 4251 6555 XOR
2 1 1948 4252 6556 XOR
2 1 1949 4253 6557 XOR
2 1 1950 4254 6558 XOR
2 1 1951 4255 6559 XOR
2 1 1952 4256 6560 XOR
2 1 1953 4257 6561 XOR
2 1 1954 4258 6562 XOR
2 1 1955 4259 6563 XOR
2 1 1956 4260 6564 XOR
2 1 1957 4261 6565 XOR
2 1 1958 4262 6566 XOR
2 1 1959 4263 6567 XOR
2 1 1960 4264 6568 XOR
2 1 1961 4265 6569 XOR
2 1 1962 4266 6570 XOR
2 1 1963 4267 6571 XOR
2 1 1964 4268 6572 XOR
2 1 1965 4269 6573 XOR
2 1 1966 4270 6574 XOR
2 1 1967 4271 6575 XOR
2 1 1968 4272 6576 XOR
2 1 1969 4273 6577 XOR
2 1 1970 4274 6578 XOR
2 1 1971 4275 6579 XOR
2 1 1972 4276 6580 XOR
2 1 1973 4277 6581 XOR
2 1 1974 4278 6582 XOR
2 1 1975 4279 6583 XOR
2 1 1976 4280 6584 XOR
2 1 1977 4281 6585 XOR
2 1 1978 4282 6586 XOR
2 1 1979 4283 6587 XOR
2 1 1980 4284 6588 XOR
2 1 1981 4285 6589 XOR
2 1 1982 4286 6590 XOR
2 1 1983 4287 6591 XOR
2 1 1984 4288 6592 XOR
2 1 1985 4289 6593 XOR
2 1 1986 4290 6594 XOR
2 1 1987 4291 6595 XOR
2 1 1988 4292 6596 XOR
2 1 1989 4293 6597 XOR
2 1 1990 4294 6598 XOR
2 1 1991 4295 6599 XOR
2 1 1992 4296 6600 XOR
2 1 1993 4297 6601 XOR
2 1 1994 4298 6602 XOR
2 1 1995 4299 6603 XOR
2 1 1996 4300 6604 XOR
2 1 1997 4301 6605 XOR
2 1 1998 4302 6606 XOR
2 1 1999 4303 6607 XOR
2 1 2000 4304 6608 XOR
2 1 2001 4305 6609 XOR
2 1 2002 4306 6610 XOR
2 1 2003 4307 6611 XOR
2 1 2004 4308 6612 XOR
2 1 2005 4309 6613 XOR
2 1 2006 4310 6614 XOR
2 1 2007 4311 6615 XOR
2 1 2008 4312 6616 XOR
2 1 2009 4313 6617 XOR
2 1 2010 4314 6618 XOR
2 1 2011 4315 6619 XOR
2 1 2012 4316 6620 XOR
2 1 2013 4317 6621 XOR
2 1 2014 4318 6622 XOR
2 1 2015 4319 6623 XOR
2 1 2016 4320 6624 XOR
2 1 2017 4321 6625 XOR
2 1 2018 4322 6626 XOR
2 1 2019 4323 6627 XOR
2 1 2020 4324 6628 XOR
2 1 2021 4325 6629 XOR
2 1 2022 4326 6630 XOR
2 1 2023 4327 6631 XOR
2 1 2024 4328 6632 XOR
2 1 2025 4329 6633 XOR
2 1 2026 4330 6634 XOR
2 1 2027 4331 6635 XOR
2 1 2028 4332 6636 XOR
2 1 2029 4333 6637 XOR
2 1 2030 4334 6638 XOR
2 1 2031 4335 6639 XOR
2 1 2032 4336 6640 XOR
2 1 2033 4337 6641 XOR
2 1 2034 4338 6642 XOR
2 1 2035 4339 6643 XOR
2 1 2036 4340 6644 XOR
2 1 2037 4341 6645 XOR
2 1 2038 4342 6646 XOR
2 1 2039 4343 6647 XOR
2 1 2040 4344 6648 XOR
2 1 2041 4345 6649 XOR
2 1 2042 4346 6650 XOR
2 1 2043 4347 6651 XOR
2 1 2044 4348 6652 XOR
2 1 2045 4349 6653 XOR
2 1 2046 4350 6654 XOR
2 1 2047 4351 6655 XOR
2 1 2048 4352 6656 XOR
2 1 2049 4353 6657 XOR
2 1 2050 4354 6658 XOR
2 1 2051 4355 6659 XOR
2 1 2052 4356 6660 XOR
2 1 2053 4357 6661 XOR
2 1 2054 4358 6662 XOR
2 1 2055 4359 6663 XOR
2 1 2056 4360 6664 XOR
2 1 2057 4361 6665 XOR
2 1 2058 4362 6666 XOR
2 1 2059 4363 6667 XOR
2 1 2060 4364 6668 XOR
2 1 2061 4365 6669 XOR
2 1 2062 4366 6670 XOR
2 1 2063 4367 6671 XOR
2 1 2064 4368 6672 XOR
2 1 2065 4369 6673 XOR
2 1 2066 4370 6674 XOR
2 1 2067 4371 6675 XOR
2 1 2068 4372 6676 XOR
2 1 2069 4373 6677 XOR
2 1 2070 4374 6678 XOR
2 1 2071 4375 6679 XOR
2 1 2072 4376 6680 XOR
2 1 2073 4377 6681 XOR
2 1 2074 4378 6682 XOR
2 1 2075 4379 6683 XOR
2 1 2076 4380 6684 XOR
2 1 2077 4381 6685 XOR
2 1 2078 4382 6686 XOR
2 1 2079 4383 6687 XOR
2 1 2080 4384 6688 XOR
2 1 2081 4385 6689 XOR
2 1 2082 4386 6690 XOR
2 1 2083 4387 6691 XOR
2 1 2084 4388 6692 XOR
2 1 2085 4389 6693 XOR
2 1 2086 4390 6694 XOR
2 1 2087 4391 6695 XOR
2 1 2088 4392 6696 XOR
2 1 2089 4393 6697 XOR
2 1 2090 4394 6698 XOR
2 1 2091 4395 6699 XOR
2 1 2092 4396 6700 XOR
2 1 2093 4397 6701 XOR
2 1 2094 4398 6702 XOR
2 1 2095 4399 6703 XOR
2 1 2096 4400 6704 XOR
2 1 2097 4401 6705 XOR
2 1 2098 4402 6706 XOR
2 1 2099 4403 6707 XOR
2 1 2100 4404 6708 XOR
2 1 2101 4405 6709 XOR
2 1 2102 4406 6710 XOR
2 1 2103 4407 6711 XOR
2 1 2104 4408 6712 XOR
2 1 2105 4409 6713 XOR
2 1 2106 4410 6714 XOR
2 1 2107 4411 6715 XOR
2 1 2108 4412 6716 XOR
2 1 2109 4413 6717 XOR
2 1 2110 4414 6718 XOR
2 1 2111 4415 6719 XOR
2 1 2112 4416 6720 XOR
2 1 2113 4417 6721 XOR
2 1 2114 4418 6722 XOR
2 1 2115 4419 6723 XOR
2 1 2116 4420 6724 XOR
2 1 2117 4421 6725 XOR
2 1 2118 4422 6726 XOR
2 1 2119 4423 6727 XOR
2 1 2120 4424 6728 XOR
2 1 2121 4425 6729 XOR
2 1 2122 4426 6730 XOR
2 1 2123 4427 6731 XOR
2 1 2124 4428 6732 XOR
2 1 2125 4429 6733 XOR
2 1 2126 4430 6734 XOR
2 1 2127 4431 6735 XOR
2 1 2128 4432 6736 XOR
2 1 2129 4433 6737 XOR
2 1 2130 4434 6738 XOR
2 1 2131 4435 6739 XOR
2 1 2132 4436 6740 XOR
2 1 2133 4437 6741 XOR
2 1 2134 4438 6742 XOR
2 1 2135 4439 6743 XOR
2 1 2136 4440 6744 XOR
2 1 2137 4441 6745 XOR
2 1 2138 4442 6746 XOR
2 1 2139 4443 6747 XOR
2 1 2140 4444 6748 XOR
2 1 2141 4445 6749 XOR
2 1 2142 4446 6750 XOR
2 1 2143 4447 6751 XOR
2 1 2144 4448 6752 XOR
2 1 2145 4449 6753 XOR
2 1 2146 4450 6754 XOR
2 1 2147 4451 6755 XOR
2 1 2148 4452 6756 XOR
2 1 2149 4453 6757 XOR
2 1 2150 4454 6758 XOR
2 1 2151 4455 6759 XOR
2 1 2152 4456 6760 XOR
2 1 2153 4457 6761 XOR
2 1 2154 4458 6762 XOR
2 1 2155 4459 6763 XOR
2 1 2156 4460 6764 XOR
2 1 2157 4461 6765 XOR
2 1 2158 4462 6766 XOR
2 1 2159 4463 6767 XOR
2 1 2160 4464 6768 XOR
2 1 2161 4465 6769 XOR
2 1 2162 4466 6770 XOR
2 1 2163 4467 6771 XOR
2 1 2164 4468 6772 XOR
2 1 2165 4469 6773 XOR
2 1 2166 4470 6774 XOR
2 1 2167 4471 6775 XOR
2 1 2168 4472 6776 XOR
2 1 2169 4473 6777 XOR
2 1 2170 4474 6778 XOR
2 1 2171 4475 6779 XOR
2 1 2172 4476 6780 XOR
2 1 2173 4477 6781 XOR
2 1 2174 4478 6782 XOR
2 1 2175 4479 6783 XOR
2 1 2176 4480 6784 XOR
2 1 2177 4481 6785 XOR
2 1 2178 4482 6786 XOR
2 1 2179 4483 6787 XOR
2 1 2180 4484 6788 XOR
2 1 2181 4485 6789 XOR
2 1 2182 4486 6790 XOR
2 1 2183 4487 6791 XOR
2 1 2184 4488 6792 XOR
2 1 2185 4489 6793 XOR
2 1 2186 4490 6794 XOR
2 1 2187 4491 6795 XOR
2 1 2188 4492 6796 XOR
2 1 2189 4493 6797 XOR
2 1 2190 4494 6798 XOR
2 1 2191 4495 6799 XOR
2 1 2192 4496 6800 XOR
2 1 2193 4497 6801 XOR
2 1 2194 4498 6802 XOR
2 1 2195 4499 6803 XOR
2 1 2196 4500 6804 XOR
2 1 2197 4501 6805 XOR
2 1 2198 4502 6806 XOR
2 1 2199 4503 6807 XOR
2 1 2200 4504 6808 XOR
2 1 2201 4505 6809 XOR
2 1 2202 4506 6810 XOR
2 1 2203 4507 6811 XOR
2 1 2204 4508 6812 XOR
2 1 2205 4509 6813 XOR
2 1 2206 4510 6814 XOR
2 1 2207 4511 6815 XOR
2 1 2208 4512 6816 XOR
2 1 2209 4513 6817 XOR
2 1 2210 4514 6818 XOR
2 1 2211 4515 6819 XOR
2 1 2212 4516 6820 XOR
2 1 2213 4517 6821 XOR
2 1 2214 4518 6822 XOR
2 1 2215 4519 6823 XOR
2 1 2216 4520 6824 XOR
2 1 2217 4521 6825 XOR
2 1 2218 4522 6826 XOR
2 1 2219 4523 6827 XOR
2 1 2220 4524 6828 XOR
2 1 2221 4525 6829 XOR
2 1 2222 4526 6830 XOR
2 1 2223 4527 6831 XOR
2 1 2224 4528 6832 XOR
2 1 2225 4529 6833 XOR
2 1 2226 4530 6834 XOR
2 1 2227 4531 6835 XOR
2 1 2228 4532 6836 XOR
2 1 2229 4533 6837 XOR
2 1 2230 4534 6838 XOR
2 1 2231 4535 6839 XOR
2 1 2232 4536 6840 XOR
2 1 2233 4537 6841 XOR
2 1 2234 4538 6842 XOR
2 1 2235 4539 6843 XOR
2 1 2236 4540 6844 XOR
2 1 2237 4541 6845 XOR
2 1 2238 4542 6846 XOR
2 1 2239 4543 6847 XOR
2 1 2240 4544 6848 XOR
2 1 2241 4545 6849 XOR
2 1 2242 4546 6850 XOR
2 1 2243 4547 6851 XOR
2 1 2244 4548 6852 XOR
2 1 2245 4549 6853 XOR
2 1 2246 4550 6854 XOR
2 1 2247 4551 6855 XOR
2 1 2248 4552 6856 XOR
2 1 2249 4553 6857 XOR
2 1 2250 4554 6858 XOR
2 1 2251 4555 6859 XOR
2 1 2252 4556 6860 XOR
2 1 2253 4557 6861 XOR
2 1 2254 4558 6862 XOR
2 1 2255 4559 6863 XOR
2 1 2256 4560 6864 XOR
2 1 2257 4561 6865 XOR
2 1 2258 4562 6866 XOR
2 1 2259 4563 6867 XOR
2 1 2260 4564 6868 XOR
2 1 2261 4565 6869 XOR
2 1 2262 4566 6870 XOR
2 1 2263 4567 6871 XOR
2 1 2264 4568 6872 XOR
2 1 2265 4569 6873 XOR
2 1 2266 4570 6874 XOR
2 1 2267 4571 6875 XOR
2 1 2268 4572 6876 XOR
2 1 2269 4573 6877 XOR
2 1 2270 4574 6878 XOR
2 1 2271 4575 6879 XOR
2 1 2272 4576 6880 XOR
2 1 2273 4577 6881 XOR
2 1 2274 4578 6882 XOR
2 1 2275 4579 6883 XOR
2 1 2276 4580 6884 XOR
2 1 2277 4581 6885 XOR
2 1 2278 4582 6886 XOR
2 1 2279 4583 6887 XOR
2 1 2280 4584 6888 XOR
2 1 2281 4585 6889 XOR
2 1 2282 4586 6890 XOR
2 1 2283 4587 6891 XOR
2 1 2284 4588 6892 XOR
2 1 2285 4589 6893 XOR
2 1 2286 4590 6894 XOR
2 1 2287 4591 6895 XOR
2 1 2288 4592 6896 XOR
2 1 2289 4593 6897 XOR
2 1 2290 4594 6898 XOR
2 1 2291 4595 6899 XOR
2 1 2292 4596 6900 XOR
2 1 2293 4597 6901 XOR
2 1 2294 4598 6902 XOR
2 1 2295 4599 6903 XOR
2 1 2296 4600 6904 XOR
2 1 2297 4601 6905 XOR
2 1 2298 4602 6906 XOR
2 1 2299 4603 6907 XOR
2 1 2300 4604 6908 XOR
2 1 2301 4605 6909 XOR
2 1 2302 4606 6910 XOR
2 1 2303 4607 6911 XOR
